1.40000e-01 2.3778e-02 
1.75000e-01 -3.0916e-02 
2.10000e-01 -1.9360e-02 
2.45000e-01 6.1388e-03 
2.80000e-01 -2.1768e-02 
3.15000e-01 1.4780e-02 
3.50000e-01 4.9293e-02 
3.85000e-01 -4.2903e-03 
4.20000e-01 3.3702e-03 
4.55000e-01 2.0522e-02 
4.90000e-01 -6.7950e-02 
5.25000e-01 -5.5908e-02 
5.60000e-01 -6.8468e-04 
5.95000e-01 4.1550e-03 
6.30000e-01 2.6907e-02 
6.65000e-01 4.6679e-02 
7.00000e-01 2.2451e-02 
7.35000e-01 7.2452e-04 
7.70000e-01 1.0855e-02 
8.05000e-01 1.1467e-02 
8.40000e-01 -1.9201e-02 
8.75000e-01 -2.6760e-02 
9.10000e-01 -2.8970e-03 
9.45000e-01 -4.6862e-02 
9.80000e-01 -2.5505e-02 
1.01500e+00 6.0848e-03 
1.05000e+00 1.2873e-02 
1.08500e+00 1.4543e-02 
1.12000e+00 3.5490e-02 
1.15500e+00 1.5055e-02 
1.19000e+00 1.2524e-02 
1.22500e+00 2.6331e-02 
1.26000e+00 -5.2532e-02 
1.29500e+00 -7.4875e-02 
1.33000e+00 -2.2271e-02 
1.36500e+00 1.3997e-02 
1.40000e+00 2.9949e-03 
1.43500e+00 4.6703e-02 
1.47000e+00 8.4388e-02 
1.50500e+00 -2.3202e-02 
1.54000e+00 -8.7015e-02 
1.57500e+00 -2.2986e-02 
1.61000e+00 -2.0892e-02 
1.64500e+00 -4.7136e-02 
1.68000e+00 3.1933e-02 
1.71500e+00 8.4130e-02 
1.75000e+00 1.4821e-02 
1.78500e+00 1.3627e-02 
1.82000e+00 -3.4024e-03 
1.85500e+00 -4.8696e-02 
1.89000e+00 -2.2689e-02 
1.92500e+00 -1.9734e-02 
1.96000e+00 -2.0801e-02 
1.99500e+00 -1.0266e-02 
2.03000e+00 2.7821e-02 
2.06500e+00 2.4661e-02 
2.10000e+00 -4.3077e-04 
2.13500e+00 1.0010e-02 
2.17000e+00 2.7822e-02 
2.20500e+00 -1.4110e-03 
2.24000e+00 -1.3903e-02 
2.27500e+00 5.0755e-03 
2.31000e+00 1.3053e-02 
2.34500e+00 -2.7657e-03 
2.38000e+00 -1.8898e-02 
2.41500e+00 -3.5376e-02 
2.45000e+00 -1.8136e-02 
2.48500e+00 3.5035e-02 
2.52000e+00 3.3918e-02 
2.55500e+00 4.1552e-02 
2.59000e+00 6.1945e-02 
2.62500e+00 2.6723e-02 
2.66000e+00 -3.9954e-03 
2.69500e+00 -1.3137e-02 
2.73000e+00 -7.5880e-03 
2.76500e+00 4.8515e-02 
2.80000e+00 3.0581e-02 
2.83500e+00 -1.7106e-03 
2.87000e+00 5.1750e-02 
2.90500e+00 4.3396e-02 
2.94000e+00 -4.2266e-02 
2.97500e+00 1.9986e-02 
3.01000e+00 4.9424e-02 
3.04500e+00 -3.0791e-02 
3.08000e+00 -3.0310e-02 
3.11500e+00 7.5260e-03 
3.15000e+00 7.1811e-03 
3.18500e+00 -3.8051e-02 
3.22000e+00 1.9851e-02 
3.25500e+00 5.9425e-02 
3.29000e+00 2.7574e-02 
3.32500e+00 4.8115e-02 
3.36000e+00 9.1846e-02 
3.39500e+00 1.1268e-01 
3.43000e+00 6.6827e-02 
3.46500e+00 7.0296e-02 
3.50000e+00 3.7689e-02 
3.53500e+00 4.4691e-02 
3.57000e+00 7.9275e-02 
3.60500e+00 6.0376e-02 
3.64000e+00 5.9894e-02 
3.67500e+00 8.4899e-02 
3.71000e+00 9.6840e-02 
3.74500e+00 4.3131e-03 
3.78000e+00 2.7145e-02 
3.81500e+00 7.9275e-02 
3.85000e+00 6.4300e-02 
3.88500e+00 3.8704e-02 
3.92000e+00 1.1062e-01 
3.95500e+00 7.0542e-02 
3.99000e+00 7.3727e-03 
4.02500e+00 1.0489e-01 
4.06000e+00 1.4856e-01 
4.09500e+00 1.0503e-01 
4.13000e+00 1.2806e-01 
4.16500e+00 1.3184e-01 
4.20000e+00 2.9655e-02 
4.23500e+00 1.5563e-03 
4.27000e+00 7.8734e-02 
4.30500e+00 7.4393e-02 
4.34000e+00 1.0440e-01 
4.37500e+00 2.0237e-01 
4.41000e+00 1.8750e-01 
4.44500e+00 1.5013e-01 
4.48000e+00 1.8006e-01 
4.51500e+00 1.2572e-01 
4.55000e+00 7.5066e-02 
4.58500e+00 1.3086e-01 
4.62000e+00 1.4885e-01 
4.65500e+00 1.4381e-01 
4.69000e+00 1.5509e-01 
4.72500e+00 1.7455e-01 
4.76000e+00 1.3394e-01 
4.79500e+00 7.4702e-02 
4.83000e+00 1.4472e-01 
4.86500e+00 1.9051e-01 
4.90000e+00 1.2588e-01 
4.93500e+00 1.4803e-01 
4.97000e+00 1.6726e-01 
5.00500e+00 1.0858e-01 
5.04000e+00 1.0512e-01 
5.07500e+00 1.1274e-01 
5.11000e+00 4.8581e-02 
5.14500e+00 5.0669e-02 
5.18000e+00 6.3868e-02 
5.21500e+00 9.3557e-02 
5.25000e+00 8.1392e-02 
5.28500e+00 6.3704e-02 
5.32000e+00 5.2571e-02 
5.35500e+00 -1.2476e-03 
5.39000e+00 1.8590e-02 
5.42500e+00 3.8997e-02 
5.46000e+00 -1.4531e-02 
5.49500e+00 -1.6136e-02 
5.53000e+00 2.7898e-02 
5.56500e+00 -5.2422e-02 
5.60000e+00 -1.0766e-01 
5.63500e+00 -5.6187e-02 
5.67000e+00 -1.0022e-01 
5.70500e+00 -1.2364e-01 
5.74000e+00 -1.0312e-01 
5.77500e+00 -1.3232e-01 
5.81000e+00 -1.4287e-01 
5.84500e+00 -7.4367e-02 
5.88000e+00 -1.1526e-01 
5.91500e+00 -1.7332e-01 
5.95000e+00 -1.3245e-01 
5.98500e+00 -1.1582e-01 
6.02000e+00 -1.3232e-01 
6.05500e+00 -8.5278e-02 
6.09000e+00 -6.6661e-02 
6.12500e+00 -4.4924e-02 
6.16000e+00 -9.1281e-02 
6.19500e+00 -1.5976e-01 
6.23000e+00 -1.4981e-01 
6.26500e+00 -1.6862e-01 
6.30000e+00 -1.3554e-01 
6.33500e+00 -8.2834e-02 
6.37000e+00 -5.5229e-02 
6.40500e+00 -6.4620e-02 
6.44000e+00 -7.6735e-02 
6.47500e+00 -1.1453e-01 
6.51000e+00 -1.0679e-01 
6.54500e+00 -7.8706e-02 
6.58000e+00 -1.1479e-01 
6.61500e+00 -8.3558e-02 
6.65000e+00 -5.7590e-02 
6.68500e+00 -1.2188e-01 
6.72000e+00 -1.0720e-01 
6.75500e+00 -2.0037e-02 
6.79000e+00 -4.1373e-02 
6.82500e+00 -8.8477e-02 
6.86000e+00 2.4241e-02 
6.89500e+00 1.5668e-02 
6.93000e+00 -6.4727e-02 
6.96500e+00 -6.0271e-02 
7.00000e+00 -5.9807e-02 
7.03500e+00 -7.3230e-02 
7.07000e+00 -7.5780e-02 
7.10500e+00 -9.7717e-02 
7.14000e+00 -6.8496e-02 
7.17500e+00 -3.2542e-02 
7.21000e+00 -6.5593e-02 
7.24500e+00 -5.5669e-02 
7.28000e+00 -1.9398e-02 
7.31500e+00 3.2962e-03 
7.35000e+00 1.4359e-02 
7.38500e+00 -8.5307e-03 
7.42000e+00 -4.5261e-02 
7.45500e+00 -1.9351e-02 
7.49000e+00 -2.2498e-02 
7.52500e+00 -6.7443e-02 
7.56000e+00 -4.0694e-02 
7.59500e+00 2.4304e-02 
7.63000e+00 -1.8777e-02 
7.66500e+00 -4.7658e-02 
7.70000e+00 1.4280e-02 
7.73500e+00 2.4880e-02 
7.77000e+00 1.1330e-02 
7.80500e+00 3.3318e-02 
7.84000e+00 4.0160e-02 
7.87500e+00 1.4763e-02 
7.91000e+00 -4.4189e-02 
7.94500e+00 -4.0216e-02 
7.98000e+00 -3.0381e-02 
8.01500e+00 -1.4085e-02 
8.05000e+00 5.4671e-03 
8.08500e+00 2.0575e-02 
8.12000e+00 -5.6265e-03 
8.15500e+00 7.3002e-03 
8.19000e+00 2.0361e-02 
8.22500e+00 8.8137e-03 
8.26000e+00 7.4574e-02 
8.29500e+00 2.8256e-02 
8.33000e+00 -2.1640e-02 
8.36500e+00 -1.1217e-02 
8.40000e+00 -2.6065e-02 
8.43500e+00 -4.1878e-02 
8.47000e+00 8.6881e-03 
8.50500e+00 5.0122e-02 
8.54000e+00 6.8472e-02 
8.57500e+00 6.6131e-02 
8.61000e+00 -1.6463e-02 
8.64500e+00 1.5050e-02 
8.68000e+00 7.4192e-02 
8.71500e+00 3.7248e-02 
8.75000e+00 4.6389e-02 
8.78500e+00 8.3373e-02 
8.82000e+00 4.0035e-02 
8.85500e+00 -1.0836e-02 
8.89000e+00 4.0824e-03 
8.92500e+00 -5.0588e-03 
8.96000e+00 3.1616e-02 
8.99500e+00 1.1488e-01 
9.03000e+00 1.1500e-01 
9.06500e+00 3.1593e-02 
9.10000e+00 4.5673e-02 
9.13500e+00 7.0928e-02 
9.17000e+00 -3.7806e-03 
9.20500e+00 -3.0077e-02 
9.24000e+00 4.2120e-02 
9.27500e+00 4.7440e-02 
9.31000e+00 2.1186e-02 
9.34500e+00 4.2510e-02 
9.38000e+00 8.9937e-02 
9.41500e+00 9.1421e-02 
9.45000e+00 5.0418e-02 
9.48500e+00 4.5226e-02 
9.52000e+00 5.1429e-02 
9.55500e+00 6.8173e-02 
9.59000e+00 3.7199e-02 
9.62500e+00 6.2367e-02 
9.66000e+00 1.4284e-01 
9.69500e+00 1.0465e-01 
9.73000e+00 3.8830e-02 
9.76500e+00 1.0495e-01 
9.80000e+00 9.2592e-02 
9.83500e+00 1.7292e-02 
9.87000e+00 6.0783e-02 
9.90500e+00 5.4470e-02 
9.94000e+00 1.7883e-02 
9.97500e+00 5.6399e-02 
1.00100e+01 9.5323e-02 
1.00450e+01 8.2833e-02 
1.00800e+01 1.2347e-01 
1.01150e+01 1.7286e-01 
1.01500e+01 1.2068e-01 
1.01850e+01 1.0067e-01 
1.02200e+01 1.1663e-01 
1.02550e+01 4.0397e-02 
1.02900e+01 -2.1096e-03 
1.03250e+01 6.1374e-02 
1.03600e+01 8.0828e-02 
1.03950e+01 8.7068e-02 
1.04300e+01 1.2996e-01 
1.04650e+01 1.0788e-01 
1.05000e+01 1.1263e-01 
1.05350e+01 1.4343e-01 
1.05700e+01 1.0974e-01 
1.06050e+01 1.4625e-01 
1.06400e+01 1.7064e-01 
1.06750e+01 1.0065e-01 
1.07100e+01 -3.1747e-03 
1.07450e+01 4.5354e-02 
1.07800e+01 7.8760e-02 
1.08150e+01 7.3267e-02 
1.08500e+01 1.3963e-01 
1.08850e+01 1.6778e-01 
1.09200e+01 1.3917e-01 
1.09550e+01 9.7674e-02 
1.09900e+01 5.7128e-02 
1.10250e+01 4.2096e-02 
1.10600e+01 8.5489e-02 
1.10950e+01 4.6762e-02 
1.11300e+01 3.2823e-02 
1.11650e+01 8.9093e-02 
1.12000e+01 5.4429e-02 
1.12350e+01 -5.6484e-03 
1.12700e+01 4.0400e-02 
1.13050e+01 8.6285e-02 
1.13400e+01 4.7396e-02 
1.13750e+01 4.2715e-02 
1.14100e+01 8.6703e-02 
1.14450e+01 6.3138e-02 
1.14800e+01 -8.1813e-03 
1.15150e+01 -5.6656e-02 
1.15500e+01 -7.4362e-02 
1.15850e+01 -8.7566e-02 
1.16200e+01 -8.5929e-02 
1.16550e+01 -4.9217e-02 
1.16900e+01 -4.3287e-02 
1.17250e+01 -6.8273e-02 
1.17600e+01 -5.8611e-02 
1.17950e+01 -1.1990e-01 
1.18300e+01 -1.8670e-01 
1.18650e+01 -1.4903e-01 
1.19000e+01 -1.1274e-01 
1.19350e+01 -1.6799e-01 
1.19700e+01 -1.0411e-01 
1.20050e+01 -6.6023e-02 
1.20400e+01 -1.0216e-01 
1.20750e+01 -1.2975e-01 
1.21100e+01 -1.6012e-01 
1.21450e+01 -2.1195e-01 
1.21800e+01 -2.3016e-01 
1.22150e+01 -2.0033e-01 
1.22500e+01 -2.2465e-01 
1.22850e+01 -2.1249e-01 
1.23200e+01 -2.2934e-01 
1.23550e+01 -1.9089e-01 
1.23900e+01 -1.7548e-01 
1.24250e+01 -1.6990e-01 
1.24600e+01 -1.4325e-01 
1.24950e+01 -8.6225e-02 
1.25300e+01 -9.4225e-02 
1.25650e+01 -1.3960e-01 
1.26000e+01 -1.1765e-01 
1.26350e+01 -8.9122e-02 
1.26700e+01 -1.3189e-01 
1.27050e+01 -1.7375e-01 
1.27400e+01 -1.0265e-01 
1.27750e+01 -8.2152e-02 
1.28100e+01 -9.2267e-02 
1.28450e+01 -7.3366e-02 
1.28800e+01 -2.9744e-02 
1.29150e+01 -1.3738e-02 
1.29500e+01 -3.3844e-02 
1.29850e+01 -3.7520e-02 
1.30200e+01 1.8258e-03 
1.30550e+01 2.5512e-02 
1.30900e+01 1.7358e-02 
1.31250e+01 5.2913e-02 
1.31600e+01 4.3176e-02 
1.31950e+01 4.4332e-02 
1.32300e+01 5.2736e-02 
1.32650e+01 5.0048e-02 
1.33000e+01 5.1735e-02 
1.33350e+01 9.5415e-02 
1.33700e+01 8.3051e-02 
1.34050e+01 1.9483e-02 
1.34400e+01 -2.0196e-03 
1.34750e+01 5.3278e-02 
1.35100e+01 1.1335e-01 
1.35450e+01 1.0642e-01 
1.35800e+01 1.6385e-01 
1.36150e+01 1.8042e-01 
1.36500e+01 1.7534e-01 
1.36850e+01 1.5629e-01 
1.37200e+01 1.7268e-01 
1.37550e+01 2.0050e-01 
1.37900e+01 2.1172e-01 
1.38250e+01 1.9473e-01 
1.38600e+01 1.9671e-01 
1.38950e+01 1.7224e-01 
1.39300e+01 1.1079e-01 
1.39650e+01 1.4515e-01 
1.40000e+01 2.1682e-01 
1.40350e+01 1.8027e-01 
1.40700e+01 2.1012e-01 
1.41050e+01 2.9181e-01 
1.41400e+01 2.7143e-01 
1.41750e+01 2.2871e-01 
1.42100e+01 1.8067e-01 
1.42450e+01 1.7742e-01 
1.42800e+01 2.2834e-01 
1.43150e+01 2.2523e-01 
1.43500e+01 1.4455e-01 
1.43850e+01 1.8188e-01 
1.44200e+01 2.3586e-01 
1.44550e+01 1.6709e-01 
1.44900e+01 1.3059e-01 
1.45250e+01 1.9140e-01 
1.45600e+01 1.8774e-01 
1.45950e+01 1.5297e-01 
1.46300e+01 1.5739e-01 
1.46650e+01 1.9124e-01 
1.47000e+01 1.8609e-01 
1.47350e+01 1.9495e-01 
1.47700e+01 2.4258e-01 
1.48050e+01 3.1058e-01 
1.48400e+01 3.9134e-01 
1.48750e+01 4.3683e-01 
1.49100e+01 5.0313e-01 
1.49450e+01 4.9873e-01 
1.49800e+01 4.9174e-01 
1.50150e+01 4.3856e-01 
1.50500e+01 3.6952e-01 
1.50850e+01 3.2370e-01 
1.51200e+01 2.4812e-01 
1.51550e+01 1.6633e-01 
1.51900e+01 9.7837e-02 
1.52250e+01 5.6692e-02 
1.52600e+01 9.9647e-03 
1.52950e+01 -3.8431e-02 
1.53300e+01 -1.0930e-01 
1.53650e+01 -1.7293e-01 
1.54000e+01 -2.3604e-01 
1.54350e+01 -2.7504e-01 
1.54700e+01 -2.7721e-01 
1.55050e+01 -2.9492e-01 
1.55400e+01 -2.3682e-01 
1.55750e+01 -1.5661e-01 
1.56100e+01 -9.5524e-02 
1.56450e+01 3.0857e-02 
1.56800e+01 1.9928e-01 
1.57150e+01 3.1175e-01 
1.57500e+01 4.8924e-01 
1.57850e+01 7.0736e-01 
1.58200e+01 8.3898e-01 
1.58550e+01 9.9896e-01 
1.58900e+01 1.1995e+00 
1.59250e+01 1.3327e+00 
1.59600e+01 1.4146e+00 
1.59950e+01 1.5044e+00 
1.60300e+01 1.4801e+00 
1.60650e+01 1.4675e+00 
1.61000e+01 1.4171e+00 
1.61350e+01 1.3041e+00 
1.61700e+01 1.1634e+00 
1.62050e+01 9.3064e-01 
1.62400e+01 6.7336e-01 
1.62750e+01 4.0760e-01 
1.63100e+01 8.2214e-02 
1.63450e+01 -1.9083e-01 
1.63800e+01 -3.7280e-01 
1.64150e+01 -6.0072e-01 
1.64500e+01 -7.9064e-01 
1.64850e+01 -9.1529e-01 
1.65200e+01 -1.0402e+00 
1.65550e+01 -1.1158e+00 
1.65900e+01 -1.1538e+00 
1.66250e+01 -1.1998e+00 
1.66600e+01 -1.2325e+00 
1.66950e+01 -1.1299e+00 
1.67300e+01 -1.0712e+00 
1.67650e+01 -1.0810e+00 
1.68000e+01 -9.7045e-01 
1.68350e+01 -8.4232e-01 
1.68700e+01 -8.3276e-01 
1.69050e+01 -8.2442e-01 
1.69400e+01 -7.9240e-01 
1.69750e+01 -7.8193e-01 
1.70100e+01 -7.3039e-01 
1.70450e+01 -7.1236e-01 
1.70800e+01 -6.3914e-01 
1.71150e+01 -5.0976e-01 
1.71500e+01 -3.9769e-01 
1.71850e+01 -3.7579e-01 
1.72200e+01 -3.5547e-01 
1.72550e+01 -2.6664e-01 
1.72900e+01 -2.0961e-01 
1.73250e+01 -1.9686e-01 
1.73600e+01 -8.9798e-02 
1.73950e+01 2.8068e-02 
1.74300e+01 7.8857e-02 
1.74650e+01 2.2459e-01 
1.75000e+01 4.0284e-01 
1.75350e+01 5.9209e-01 
1.75700e+01 9.1786e-01 
1.76050e+01 1.3471e+00 
1.76400e+01 1.7468e+00 
1.76750e+01 2.2689e+00 
1.77100e+01 2.8841e+00 
1.77450e+01 3.5259e+00 
1.77800e+01 4.2387e+00 
1.78150e+01 5.0216e+00 
1.78500e+01 5.8698e+00 
1.78850e+01 6.7719e+00 
1.79200e+01 7.5474e+00 
1.79550e+01 8.1592e+00 
1.79900e+01 8.5262e+00 
1.80250e+01 8.2677e+00 
1.80600e+01 7.4151e+00 
1.80950e+01 6.0662e+00 
1.81300e+01 4.2622e+00 
1.81650e+01 2.2073e+00 
1.82000e+01 3.0238e-01 
1.82350e+01 -1.3076e+00 
1.82700e+01 -2.5288e+00 
1.83050e+01 -3.2888e+00 
1.83400e+01 -3.6529e+00 
1.83750e+01 -3.7671e+00 
1.84100e+01 -3.7971e+00 
1.84450e+01 -3.7544e+00 
1.84800e+01 -3.7106e+00 
1.85150e+01 -3.7272e+00 
1.85500e+01 -3.7967e+00 
1.85850e+01 -3.8415e+00 
1.86200e+01 -3.7958e+00 
1.86550e+01 -3.7591e+00 
1.86900e+01 -3.7232e+00 
1.87250e+01 -3.4619e+00 
1.87600e+01 -3.1955e+00 
1.87950e+01 -3.0589e+00 
1.88300e+01 -2.8305e+00 
1.88650e+01 -2.5305e+00 
1.89000e+01 -2.3866e+00 
1.89350e+01 -2.1946e+00 
1.89700e+01 -1.9968e+00 
1.90050e+01 -1.8198e+00 
1.90400e+01 -1.6312e+00 
1.90750e+01 -1.5160e+00 
1.91100e+01 -1.3767e+00 
1.91450e+01 -1.1772e+00 
1.91800e+01 -1.0142e+00 
1.92150e+01 -8.9438e-01 
1.92500e+01 -7.2588e-01 
1.92850e+01 -6.1044e-01 
1.93200e+01 -5.6365e-01 
1.93550e+01 -5.5613e-01 
1.93900e+01 -4.8535e-01 
1.94250e+01 -4.1615e-01 
1.94600e+01 -3.5327e-01 
1.94950e+01 -2.4749e-01 
1.95300e+01 -2.0121e-01 
1.95650e+01 -1.7743e-01 
1.96000e+01 -1.8528e-01 
1.96350e+01 -2.4259e-01 
1.96700e+01 -2.3535e-01 
1.97050e+01 -2.1882e-01 
1.97400e+01 -2.7728e-01 
1.97750e+01 -2.9631e-01 
1.98100e+01 -2.6441e-01 
1.98450e+01 -3.2719e-01 
1.98800e+01 -3.8486e-01 
1.99150e+01 -3.6512e-01 
1.99500e+01 -3.9742e-01 
1.99850e+01 -4.2654e-01 
2.00200e+01 -4.1686e-01 
2.00550e+01 -4.0712e-01 
2.00900e+01 -4.1372e-01 
2.01250e+01 -4.0244e-01 
2.01600e+01 -3.8042e-01 
2.01950e+01 -3.7250e-01 
2.02300e+01 -4.0240e-01 
2.02650e+01 -4.1994e-01 
2.03000e+01 -3.6249e-01 
2.03350e+01 -3.8073e-01 
2.03700e+01 -3.4060e-01 
2.04050e+01 -2.7525e-01 
2.04400e+01 -2.8177e-01 
2.04750e+01 -2.4650e-01 
2.05100e+01 -2.5165e-01 
2.05450e+01 -3.5683e-01 
2.05800e+01 -2.9721e-01 
2.06150e+01 -2.2049e-01 
2.06500e+01 -2.6033e-01 
2.06850e+01 -2.0770e-01 
2.07200e+01 -1.3792e-01 
2.07550e+01 -1.5306e-01 
2.07900e+01 -1.5208e-01 
2.08250e+01 -1.4240e-01 
2.08600e+01 -1.9065e-01 
2.08950e+01 -1.4566e-01 
2.09300e+01 -1.2096e-01 
2.09650e+01 -1.5063e-01 
2.10000e+01 -1.0625e-01 
2.10350e+01 -4.4025e-04 
2.10700e+01 -1.7442e-02 
2.11050e+01 -1.0774e-01 
2.11400e+01 -9.1623e-02 
2.11750e+01 -9.6547e-02 
2.12100e+01 -1.3372e-01 
2.12450e+01 -1.3254e-01 
2.12800e+01 -3.2387e-02 
2.13150e+01 -4.5384e-02 
2.13500e+01 -7.3504e-02 
2.13850e+01 -4.5746e-02 
2.14200e+01 -7.0811e-02 
2.14550e+01 -9.6203e-02 
2.14900e+01 -5.4559e-02 
2.15250e+01 -3.1902e-02 
2.15600e+01 -6.3504e-02 
2.15950e+01 -4.7783e-02 
2.16300e+01 -2.3896e-02 
2.16650e+01 -2.2052e-02 
2.17000e+01 -4.5198e-02 
2.17350e+01 1.9877e-02 
2.17700e+01 4.4834e-02 
2.18050e+01 -3.1185e-02 
2.18400e+01 -4.7067e-02 
2.18750e+01 -2.6220e-02 
2.19100e+01 -6.1902e-02 
2.19450e+01 -6.7920e-02 
2.19800e+01 -3.6064e-02 
2.20150e+01 1.4863e-02 
2.20500e+01 1.1546e-02 
2.20850e+01 -1.2809e-02 
2.21200e+01 3.0350e-02 
2.21550e+01 2.6636e-02 
2.21900e+01 1.2079e-02 
2.22250e+01 1.9983e-02 
2.22600e+01 -3.3670e-02 
2.22950e+01 -1.1424e-01 
2.23300e+01 -8.1301e-02 
2.23650e+01 -9.8436e-02 
2.24000e+01 -7.1591e-02 
2.24350e+01 6.9555e-03 
2.24700e+01 5.5786e-02 
2.25050e+01 4.0331e-02 
2.25400e+01 4.1207e-02 
2.25750e+01 1.6564e-02 
2.26100e+01 -1.7541e-02 
2.26450e+01 1.5924e-02 
2.26800e+01 2.5272e-02 
2.27150e+01 7.2713e-03 
2.27500e+01 -3.7950e-02 
2.27850e+01 -1.5509e-02 
2.28200e+01 -2.3189e-02 
2.28550e+01 -1.8913e-02 
2.28900e+01 3.5743e-02 
2.29250e+01 3.7357e-02 
2.29600e+01 -1.8006e-02 
2.29950e+01 -1.6838e-02 
2.30300e+01 -5.8626e-02 
2.30650e+01 -1.0748e-01 
2.31000e+01 -1.1283e-02 
2.31350e+01 4.6158e-02 
2.31700e+01 -3.0390e-02 
2.32050e+01 -3.1057e-02 
2.32400e+01 -1.5088e-02 
2.32750e+01 -4.4506e-02 
2.33100e+01 -4.8939e-02 
2.33450e+01 1.8727e-02 
2.33800e+01 3.8600e-02 
2.34150e+01 2.3946e-02 
2.34500e+01 3.7207e-02 
2.34850e+01 7.2039e-02 
2.35200e+01 2.5522e-02 
2.35550e+01 -1.7399e-02 
2.35900e+01 4.4583e-02 
2.36250e+01 -1.2971e-02 
2.36600e+01 -9.2775e-02 
2.36950e+01 -9.0000e-03 
2.37300e+01 3.9431e-02 
2.37650e+01 -5.2767e-02 
2.38000e+01 -2.1026e-02 
2.38350e+01 1.8994e-02 
2.38700e+01 -3.6903e-02 
2.39050e+01 -2.5879e-02 
2.39400e+01 -1.0417e-02 
2.39750e+01 -1.7801e-02 
2.40100e+01 1.6967e-02 
2.40450e+01 3.3322e-02 
2.40800e+01 1.4967e-02 
2.41150e+01 1.8530e-02 
2.41500e+01 2.4377e-02 
2.41850e+01 5.0241e-03 
2.42200e+01 -2.6608e-02 
2.42550e+01 -2.1946e-02 
2.42900e+01 1.6914e-02 
2.43250e+01 2.7293e-02 
2.43600e+01 1.8406e-02 
2.43950e+01 3.4906e-02 
2.44300e+01 -8.3411e-04 
2.44650e+01 -1.5370e-02 
2.45000e+01 4.7093e-03 
2.45350e+01 1.4845e-03 
2.45700e+01 -2.8548e-02 
2.46050e+01 -1.1033e-02 
2.46400e+01 -1.6206e-02 
2.46750e+01 -1.3376e-02 
2.47100e+01 -4.6811e-02 
2.47450e+01 -1.4449e-02 
2.47800e+01 3.2957e-02 
2.48150e+01 1.0835e-02 
2.48500e+01 1.8210e-02 
2.48850e+01 3.9364e-02 
2.49200e+01 3.4950e-02 
2.49550e+01 6.9620e-03 
2.49900e+01 -6.4324e-03 
2.50250e+01 -3.8334e-02 
2.50600e+01 -1.1393e-02 
2.50950e+01 -4.0773e-03 
2.51300e+01 1.5085e-02 
2.51650e+01 5.6193e-05 
2.52000e+01 -2.0868e-02 
2.52350e+01 -3.6630e-02 
2.52700e+01 -2.0817e-02 
2.53050e+01 1.8391e-02 
2.53400e+01 6.2518e-02 
2.53750e+01 6.0457e-02 
2.54100e+01 3.0838e-02 
2.54450e+01 1.5552e-02 
2.54800e+01 2.3718e-02 
2.55150e+01 -1.1267e-02 
2.55500e+01 -4.0309e-02 
2.55850e+01 4.1526e-02 
2.56200e+01 3.2497e-02 
2.56550e+01 -4.7381e-02 
2.56900e+01 -1.1788e-02 
2.57250e+01 -5.6808e-03 
2.57600e+01 -7.3065e-02 
2.57950e+01 -8.6078e-02 
2.58300e+01 -5.7379e-02 
2.58650e+01 3.6109e-02 
2.59000e+01 8.7225e-02 
2.59350e+01 6.9899e-02 
2.59700e+01 6.7208e-02 
2.60050e+01 9.1896e-02 
2.60400e+01 8.6205e-03 
2.60750e+01 -7.0097e-02 
2.61100e+01 -1.8383e-02 
2.61450e+01 5.2437e-03 
2.61800e+01 -1.5008e-02 
2.62150e+01 -3.0246e-02 
2.62500e+01 1.6725e-02 
2.62850e+01 -9.7740e-03 
2.63200e+01 -4.0380e-02 
2.63550e+01 -2.3487e-02 
2.63900e+01 -2.7306e-02 
2.64250e+01 -1.8426e-02 
2.64600e+01 -2.7431e-02 
2.64950e+01 1.1896e-02 
2.65300e+01 4.3275e-02 
2.65650e+01 3.8902e-02 
2.66000e+01 -3.0747e-02 
2.66350e+01 -2.9239e-02 
2.66700e+01 2.8380e-03 
2.67050e+01 -5.1278e-02 
2.67400e+01 -3.2952e-02 
2.67750e+01 6.8298e-02 
2.68100e+01 5.6740e-02 
2.68450e+01 -5.1008e-02 
2.68800e+01 -1.0027e-02 
2.69150e+01 1.6680e-03 
2.69500e+01 -7.6773e-03 
2.69850e+01 3.0200e-02 
2.70200e+01 2.2929e-02 
2.70550e+01 1.8791e-02 
2.70900e+01 -2.2998e-02 
2.71250e+01 -4.9404e-02 
2.71600e+01 -3.1325e-02 
2.71950e+01 3.0737e-02 
2.72300e+01 4.9062e-02 
2.72650e+01 6.7973e-02 
2.73000e+01 3.2069e-02 
2.73350e+01 -3.8258e-02 
2.73700e+01 8.1671e-03 
2.74050e+01 -6.0183e-02 
2.74400e+01 -9.2167e-02 
2.74750e+01 -2.0803e-02 
2.75100e+01 2.0234e-02 
2.75450e+01 3.8103e-03 
2.75800e+01 -1.1836e-02 
2.76150e+01 5.4997e-02 
2.76500e+01 3.4882e-03 
2.76850e+01 -2.7405e-02 
2.77200e+01 -1.0723e-02 
2.77550e+01 2.9897e-05 
2.77900e+01 -5.5088e-02 
2.78250e+01 -3.7491e-02 
2.78600e+01 7.2028e-02 
2.78950e+01 -9.3177e-03 
2.79300e+01 -3.1938e-02 
2.79650e+01 4.5274e-02 
2.80000e+01 2.7636e-02 
2.80350e+01 -5.9838e-02 
2.80700e+01 -2.8838e-02 
2.81050e+01 1.7455e-03 
2.81400e+01 2.4806e-02 
2.81750e+01 3.5906e-02 
2.82100e+01 1.6002e-02 
2.82450e+01 2.3302e-02 
2.82800e+01 4.2591e-02 
2.83150e+01 -2.4130e-02 
2.83500e+01 -7.1929e-02 
2.83850e+01 -2.9269e-03 
2.84200e+01 2.0116e-02 
2.84550e+01 -2.0281e-02 
2.84900e+01 -1.5278e-02 
2.85250e+01 3.4995e-02 
2.85600e+01 -1.5306e-02 
2.85950e+01 8.2173e-03 
2.86300e+01 5.4884e-02 
2.86650e+01 -1.5709e-02 
2.87000e+01 -1.2239e-02 
2.87350e+01 3.6667e-02 
2.87700e+01 -1.5426e-02 
2.88050e+01 -4.4194e-02 
2.88400e+01 5.8218e-02 
2.88750e+01 4.8527e-02 
2.89100e+01 -4.5711e-02 
2.89450e+01 -2.6508e-02 
2.89800e+01 2.8437e-03 
2.90150e+01 -1.3830e-02 
2.90500e+01 2.0565e-03 
2.90850e+01 -6.2811e-03 
2.91200e+01 -2.3370e-02 
2.91550e+01 1.4187e-02 
2.91900e+01 -4.8016e-03 
2.92250e+01 -4.5285e-02 
2.92600e+01 -4.3085e-02 
2.92950e+01 -4.2510e-03 
2.93300e+01 2.2879e-02 
2.93650e+01 9.2925e-03 
2.94000e+01 -8.5130e-03 
2.94350e+01 2.9856e-02 
2.94700e+01 7.4082e-02 
2.95050e+01 3.0263e-02 
2.95400e+01 -1.4973e-02 
2.95750e+01 1.7333e-02 
2.96100e+01 3.8070e-02 
2.96450e+01 -4.5537e-02 
2.96800e+01 -6.6869e-02 
2.97150e+01 -3.1848e-02 
2.97500e+01 -1.2554e-02 
2.97850e+01 1.9204e-02 
2.98200e+01 2.6988e-02 
2.98550e+01 -1.6630e-02 
2.98900e+01 -1.9287e-02 
2.99250e+01 2.3063e-02 
2.99600e+01 -1.4452e-02 
2.99950e+01 -1.4038e-02 
3.00300e+01 6.1222e-02 
3.00650e+01 7.0633e-02 
3.01000e+01 -3.1514e-02 
3.01350e+01 -2.6338e-02 
3.01700e+01 1.6534e-02 
3.02050e+01 -4.4689e-03 
3.02400e+01 1.5792e-02 
3.02750e+01 5.5855e-02 
3.03100e+01 1.3022e-02 
3.03450e+01 -3.2344e-02 
3.03800e+01 -6.7878e-02 
3.04150e+01 -1.0317e-01 
3.04500e+01 -2.8998e-02 
3.04850e+01 2.0444e-02 
3.05200e+01 -1.1806e-02 
3.05550e+01 2.9531e-02 
3.05900e+01 5.8389e-02 
3.06250e+01 -2.1447e-02 
3.06600e+01 6.4982e-03 
3.06950e+01 3.4753e-02 
3.07300e+01 -3.6685e-02 
3.07650e+01 -8.0548e-03 
3.08000e+01 3.1422e-02 
3.08350e+01 3.6066e-03 
3.08700e+01 3.0687e-02 
3.09050e+01 3.3079e-02 
3.09400e+01 4.7217e-03 
3.09750e+01 8.4610e-03 
3.10100e+01 -8.5246e-03 
3.10450e+01 -2.9463e-02 
3.10800e+01 -1.3864e-02 
3.11150e+01 -1.8040e-02 
3.11500e+01 -1.7845e-02 
3.11850e+01 1.2382e-03 
3.12200e+01 -1.9997e-02 
3.12550e+01 -7.4820e-03 
3.12900e+01 -9.0106e-03 
3.13250e+01 -3.7979e-02 
3.13600e+01 -6.5089e-02 
3.13950e+01 -1.9889e-02 
3.14300e+01 3.4235e-02 
3.14650e+01 2.0743e-02 
3.15000e+01 -1.1028e-02 
3.15350e+01 3.0721e-02 
3.15700e+01 5.6524e-02 
3.16050e+01 -1.2930e-02 
3.16400e+01 -1.7098e-02 
3.16750e+01 4.4348e-02 
3.17100e+01 -1.3944e-02 
3.17450e+01 -6.1164e-02 
3.17800e+01 -9.5224e-03 
3.18150e+01 2.0174e-03 
3.18500e+01 7.0423e-03 
