# amplitude :: 2.9827E-01 
#     sigma :: 7.2406E-05 
#   w_coeff :: 1.6736E-01 
#    offset :: 4.0000E+01 
# index, x-value, signal input, input convolved and scaled, input convolved 
# calibration_convolved 
0 4.2000E-01  -5.0320E-03  -8.6135E-04  -2.8878E-03
1 4.5500E-01  -4.9711E-03  -9.4489E-04  -3.1679E-03
2 4.9000E-01  -5.0113E-03  -9.9617E-04  -3.3398E-03
3 5.2500E-01  -4.9715E-03  -1.0254E-03  -3.4379E-03
4 5.6000E-01  -4.9730E-03  -1.0549E-03  -3.5367E-03
5 5.9500E-01  -4.7883E-03  -1.0901E-03  -3.6546E-03
6 6.3000E-01  -4.3614E-03  -1.1291E-03  -3.7853E-03
7 6.6500E-01  -3.9608E-03  -1.1666E-03  -3.9113E-03
8 7.0000E-01  -4.0349E-03  -1.2017E-03  -4.0287E-03
9 7.3500E-01  -4.2564E-03  -1.2358E-03  -4.1432E-03
10 7.7000E-01  -4.4805E-03  -1.2675E-03  -4.2494E-03
11 8.0500E-01  -4.5896E-03  -1.2967E-03  -4.3474E-03
12 8.4000E-01  -4.6513E-03  -1.3212E-03  -4.4294E-03
13 8.7500E-01  -4.7583E-03  -1.3409E-03  -4.4955E-03
14 9.1000E-01  -4.8188E-03  -1.3585E-03  -4.5547E-03
15 9.4500E-01  -4.8844E-03  -1.3736E-03  -4.6051E-03
16 9.8000E-01  -4.8846E-03  -1.3857E-03  -4.6456E-03
17 1.0150E+00  -4.8525E-03  -1.3956E-03  -4.6788E-03
18 1.0500E+00  -4.8768E-03  -1.4034E-03  -4.7050E-03
19 1.0850E+00  -4.8843E-03  -1.4097E-03  -4.7264E-03
20 1.1200E+00  -4.8674E-03  -1.4152E-03  -4.7448E-03
21 1.1550E+00  -4.8626E-03  -1.4184E-03  -4.7552E-03
22 1.1900E+00  -4.8494E-03  -1.4222E-03  -4.7681E-03
23 1.2250E+00  -4.8398E-03  -1.4233E-03  -4.7719E-03
24 1.2600E+00  -4.8551E-03  -1.4227E-03  -4.7699E-03
25 1.2950E+00  -4.8029E-03  -1.4237E-03  -4.7732E-03
26 1.3300E+00  -4.8461E-03  -1.4241E-03  -4.7744E-03
27 1.3650E+00  -4.8021E-03  -1.4225E-03  -4.7691E-03
28 1.4000E+00  -4.7495E-03  -1.4205E-03  -4.7623E-03
29 1.4350E+00  -4.7909E-03  -1.4186E-03  -4.7561E-03
30 1.4700E+00  -4.7891E-03  -1.4156E-03  -4.7460E-03
31 1.5050E+00  -4.7428E-03  -1.4126E-03  -4.7359E-03
32 1.5400E+00  -4.7225E-03  -1.4084E-03  -4.7217E-03
33 1.5750E+00  -4.7290E-03  -1.4055E-03  -4.7120E-03
34 1.6100E+00  -4.6893E-03  -1.4026E-03  -4.7024E-03
35 1.6450E+00  -4.6897E-03  -1.3987E-03  -4.6893E-03
36 1.6800E+00  -4.6390E-03  -1.3946E-03  -4.6756E-03
37 1.7150E+00  -4.6581E-03  -1.3900E-03  -4.6602E-03
38 1.7500E+00  -4.6555E-03  -1.3856E-03  -4.6455E-03
39 1.7850E+00  -4.6193E-03  -1.3811E-03  -4.6302E-03
40 1.8200E+00  -4.6047E-03  -1.3762E-03  -4.6139E-03
41 1.8550E+00  -4.5767E-03  -1.3707E-03  -4.5953E-03
42 1.8900E+00  -4.5676E-03  -1.3644E-03  -4.5745E-03
43 1.9250E+00  -4.5492E-03  -1.3595E-03  -4.5578E-03
44 1.9600E+00  -4.5285E-03  -1.3546E-03  -4.5414E-03
45 1.9950E+00  -4.5013E-03  -1.3488E-03  -4.5219E-03
46 2.0300E+00  -4.4568E-03  -1.3438E-03  -4.5054E-03
47 2.0650E+00  -4.4671E-03  -1.3379E-03  -4.4853E-03
48 2.1000E+00  -4.4598E-03  -1.3315E-03  -4.4641E-03
49 2.1350E+00  -4.4111E-03  -1.3252E-03  -4.4429E-03
50 2.1700E+00  -4.4236E-03  -1.3190E-03  -4.4220E-03
51 2.2050E+00  -4.3811E-03  -1.3142E-03  -4.4059E-03
52 2.2400E+00  -4.3517E-03  -1.3085E-03  -4.3871E-03
53 2.2750E+00  -4.3319E-03  -1.3016E-03  -4.3637E-03
54 2.3100E+00  -4.3035E-03  -1.2955E-03  -4.3433E-03
55 2.3450E+00  -4.3233E-03  -1.2899E-03  -4.3244E-03
56 2.3800E+00  -4.2952E-03  -1.2849E-03  -4.3077E-03
57 2.4150E+00  -4.2364E-03  -1.2801E-03  -4.2918E-03
58 2.4500E+00  -4.2329E-03  -1.2743E-03  -4.2721E-03
59 2.4850E+00  -4.2222E-03  -1.2678E-03  -4.2506E-03
60 2.5200E+00  -4.2166E-03  -1.2626E-03  -4.2332E-03
61 2.5550E+00  -4.2122E-03  -1.2579E-03  -4.2173E-03
62 2.5900E+00  -4.1724E-03  -1.2521E-03  -4.1980E-03
63 2.6250E+00  -4.1311E-03  -1.2460E-03  -4.1773E-03
64 2.6600E+00  -4.1380E-03  -1.2401E-03  -4.1575E-03
65 2.6950E+00  -4.1380E-03  -1.2339E-03  -4.1368E-03
66 2.7300E+00  -4.0985E-03  -1.2276E-03  -4.1157E-03
67 2.7650E+00  -4.0659E-03  -1.2216E-03  -4.0957E-03
68 2.8000E+00  -4.0545E-03  -1.2151E-03  -4.0739E-03
69 2.8350E+00  -4.0288E-03  -1.2073E-03  -4.0475E-03
70 2.8700E+00  -4.0018E-03  -1.1979E-03  -4.0162E-03
71 2.9050E+00  -3.9916E-03  -1.1897E-03  -3.9885E-03
72 2.9400E+00  -3.9637E-03  -1.1830E-03  -3.9662E-03
73 2.9750E+00  -3.9163E-03  -1.1753E-03  -3.9404E-03
74 3.0100E+00  -3.8480E-03  -1.1673E-03  -3.9134E-03
75 3.0450E+00  -3.8323E-03  -1.1602E-03  -3.8896E-03
76 3.0800E+00  -3.8532E-03  -1.1504E-03  -3.8569E-03
77 3.1150E+00  -3.8080E-03  -1.1418E-03  -3.8282E-03
78 3.1500E+00  -3.7623E-03  -1.1337E-03  -3.8008E-03
79 3.1850E+00  -3.7789E-03  -1.1244E-03  -3.7699E-03
80 3.2200E+00  -3.6788E-03  -1.1162E-03  -3.7421E-03
81 3.2550E+00  -3.6727E-03  -1.1065E-03  -3.7098E-03
82 3.2900E+00  -3.6630E-03  -1.0970E-03  -3.6778E-03
83 3.3250E+00  -3.5998E-03  -1.0885E-03  -3.6494E-03
84 3.3600E+00  -3.6027E-03  -1.0795E-03  -3.6193E-03
85 3.3950E+00  -3.5394E-03  -1.0697E-03  -3.5864E-03
86 3.4300E+00  -3.5029E-03  -1.0603E-03  -3.5547E-03
87 3.4650E+00  -3.5008E-03  -1.0508E-03  -3.5230E-03
88 3.5000E+00  -3.4652E-03  -1.0401E-03  -3.4871E-03
89 3.5350E+00  -3.4107E-03  -1.0295E-03  -3.4516E-03
90 3.5700E+00  -3.3863E-03  -1.0180E-03  -3.4131E-03
91 3.6050E+00  -3.3618E-03  -1.0086E-03  -3.3815E-03
92 3.6400E+00  -3.2957E-03  -9.9786E-04  -3.3454E-03
93 3.6750E+00  -3.2711E-03  -9.8713E-04  -3.3095E-03
94 3.7100E+00  -3.1979E-03  -9.7739E-04  -3.2768E-03
95 3.7450E+00  -3.2209E-03  -9.6868E-04  -3.2476E-03
96 3.7800E+00  -3.1557E-03  -9.6034E-04  -3.2197E-03
97 3.8150E+00  -3.1155E-03  -9.5105E-04  -3.1885E-03
98 3.8500E+00  -3.0999E-03  -9.4169E-04  -3.1571E-03
99 3.8850E+00  -3.0900E-03  -9.3144E-04  -3.1228E-03
100 3.9200E+00  -3.0771E-03  -9.2188E-04  -3.0907E-03
101 3.9550E+00  -3.0232E-03  -9.1254E-04  -3.0594E-03
102 3.9900E+00  -2.9967E-03  -9.0279E-04  -3.0267E-03
103 4.0250E+00  -2.9381E-03  -8.9222E-04  -2.9913E-03
104 4.0600E+00  -2.9200E-03  -8.8113E-04  -2.9541E-03
105 4.0950E+00  -2.8952E-03  -8.6973E-04  -2.9159E-03
106 4.1300E+00  -2.8576E-03  -8.5758E-04  -2.8751E-03
107 4.1650E+00  -2.8068E-03  -8.4608E-04  -2.8366E-03
108 4.2000E+00  -2.7579E-03  -8.3344E-04  -2.7942E-03
109 4.2350E+00  -2.7190E-03  -8.2075E-04  -2.7517E-03
110 4.2700E+00  -2.6552E-03  -8.0845E-04  -2.7104E-03
111 4.3050E+00  -2.6385E-03  -7.9552E-04  -2.6671E-03
112 4.3400E+00  -2.5712E-03  -7.8240E-04  -2.6231E-03
113 4.3750E+00  -2.5241E-03  -7.6923E-04  -2.5789E-03
114 4.4100E+00  -2.4954E-03  -7.5458E-04  -2.5298E-03
115 4.4450E+00  -2.4395E-03  -7.3846E-04  -2.4758E-03
116 4.4800E+00  -2.3895E-03  -7.2261E-04  -2.4226E-03
117 4.5150E+00  -2.3511E-03  -7.0614E-04  -2.3674E-03
118 4.5500E+00  -2.2785E-03  -6.8900E-04  -2.3100E-03
119 4.5850E+00  -2.1882E-03  -6.7217E-04  -2.2535E-03
120 4.6200E+00  -2.1439E-03  -6.5425E-04  -2.1935E-03
121 4.6550E+00  -2.0798E-03  -6.3606E-04  -2.1325E-03
122 4.6900E+00  -2.0036E-03  -6.1896E-04  -2.0751E-03
123 4.7250E+00  -1.9601E-03  -6.0158E-04  -2.0169E-03
124 4.7600E+00  -1.8787E-03  -5.8333E-04  -1.9557E-03
125 4.7950E+00  -1.8047E-03  -5.6709E-04  -1.9012E-03
126 4.8300E+00  -1.7720E-03  -5.5147E-04  -1.8489E-03
127 4.8650E+00  -1.7155E-03  -5.3460E-04  -1.7923E-03
128 4.9000E+00  -1.6233E-03  -5.1907E-04  -1.7402E-03
129 4.9350E+00  -1.6085E-03  -5.0597E-04  -1.6963E-03
130 4.9700E+00  -1.5796E-03  -4.9252E-04  -1.6512E-03
131 5.0050E+00  -1.4899E-03  -4.8131E-04  -1.6137E-03
132 5.0400E+00  -1.4514E-03  -4.7049E-04  -1.5774E-03
133 5.0750E+00  -1.4692E-03  -4.6133E-04  -1.5467E-03
134 5.1100E+00  -1.4017E-03  -4.5457E-04  -1.5240E-03
135 5.1450E+00  -1.4146E-03  -4.4781E-04  -1.5013E-03
136 5.1800E+00  -1.3802E-03  -4.4238E-04  -1.4831E-03
137 5.2150E+00  -1.3721E-03  -4.3892E-04  -1.4715E-03
138 5.2500E+00  -1.4056E-03  -4.3658E-04  -1.4637E-03
139 5.2850E+00  -1.3773E-03  -4.3675E-04  -1.4643E-03
140 5.3200E+00  -1.3777E-03  -4.3833E-04  -1.4696E-03
141 5.3550E+00  -1.4077E-03  -4.4235E-04  -1.4830E-03
142 5.3900E+00  -1.4108E-03  -4.4698E-04  -1.4986E-03
143 5.4250E+00  -1.4635E-03  -4.5262E-04  -1.5175E-03
144 5.4600E+00  -1.4858E-03  -4.5709E-04  -1.5324E-03
145 5.4950E+00  -1.5533E-03  -4.6232E-04  -1.5500E-03
146 5.5300E+00  -1.5742E-03  -4.6813E-04  -1.5695E-03
147 5.5650E+00  -1.6246E-03  -4.7475E-04  -1.5917E-03
148 5.6000E+00  -1.6086E-03  -4.8146E-04  -1.6142E-03
149 5.6350E+00  -1.6413E-03  -4.8856E-04  -1.6380E-03
150 5.6700E+00  -1.6688E-03  -4.9726E-04  -1.6671E-03
151 5.7050E+00  -1.7088E-03  -5.0524E-04  -1.6939E-03
152 5.7400E+00  -1.7338E-03  -5.1304E-04  -1.7200E-03
153 5.7750E+00  -1.7551E-03  -5.2127E-04  -1.7476E-03
154 5.8100E+00  -1.8252E-03  -5.2964E-04  -1.7757E-03
155 5.8450E+00  -1.8371E-03  -5.3846E-04  -1.8052E-03
156 5.8800E+00  -1.8566E-03  -5.4757E-04  -1.8358E-03
157 5.9150E+00  -1.8933E-03  -5.5481E-04  -1.8601E-03
158 5.9500E+00  -1.9233E-03  -5.6332E-04  -1.8886E-03
159 5.9850E+00  -1.9575E-03  -5.7231E-04  -1.9187E-03
160 6.0200E+00  -2.0089E-03  -5.8119E-04  -1.9485E-03
161 6.0550E+00  -1.9825E-03  -5.8926E-04  -1.9756E-03
162 6.0900E+00  -2.0375E-03  -5.9685E-04  -2.0010E-03
163 6.1250E+00  -2.0781E-03  -6.0496E-04  -2.0282E-03
164 6.1600E+00  -2.1095E-03  -6.1183E-04  -2.0512E-03
165 6.1950E+00  -2.1224E-03  -6.1946E-04  -2.0768E-03
166 6.2300E+00  -2.1313E-03  -6.2662E-04  -2.1008E-03
167 6.2650E+00  -2.1795E-03  -6.3424E-04  -2.1264E-03
168 6.3000E+00  -2.1685E-03  -6.4091E-04  -2.1487E-03
169 6.3350E+00  -2.2156E-03  -6.4801E-04  -2.1725E-03
170 6.3700E+00  -2.2241E-03  -6.5456E-04  -2.1945E-03
171 6.4050E+00  -2.2671E-03  -6.6045E-04  -2.2142E-03
172 6.4400E+00  -2.2643E-03  -6.6600E-04  -2.2328E-03
173 6.4750E+00  -2.3006E-03  -6.7082E-04  -2.2490E-03
174 6.5100E+00  -2.3137E-03  -6.7617E-04  -2.2670E-03
175 6.5450E+00  -2.3194E-03  -6.8184E-04  -2.2860E-03
176 6.5800E+00  -2.3355E-03  -6.8689E-04  -2.3029E-03
177 6.6150E+00  -2.3321E-03  -6.9026E-04  -2.3142E-03
178 6.6500E+00  -2.3600E-03  -6.9425E-04  -2.3276E-03
179 6.6850E+00  -2.3872E-03  -6.9785E-04  -2.3396E-03
180 6.7200E+00  -2.4018E-03  -6.9847E-04  -2.3417E-03
181 6.7550E+00  -2.3704E-03  -6.9384E-04  -2.3262E-03
182 6.7900E+00  -2.3985E-03  -6.9534E-04  -2.3312E-03
183 6.8250E+00  -2.4102E-03  -6.9774E-04  -2.3393E-03
184 6.8600E+00  -2.3871E-03  -6.9890E-04  -2.3432E-03
185 6.8950E+00  -2.2137E-03  -7.0022E-04  -2.3476E-03
186 6.9300E+00  -2.3513E-03  -7.0144E-04  -2.3517E-03
187 6.9650E+00  -2.3882E-03  -7.0364E-04  -2.3590E-03
188 7.0000E+00  -2.3625E-03  -7.0624E-04  -2.3678E-03
189 7.0350E+00  -2.3722E-03  -7.0817E-04  -2.3742E-03
190 7.0700E+00  -2.3689E-03  -7.0949E-04  -2.3786E-03
191 7.1050E+00  -2.3949E-03  -7.1051E-04  -2.3821E-03
192 7.1400E+00  -2.4165E-03  -7.1161E-04  -2.3857E-03
193 7.1750E+00  -2.4109E-03  -7.1162E-04  -2.3858E-03
194 7.2100E+00  -2.4038E-03  -7.1276E-04  -2.3896E-03
195 7.2450E+00  -2.3980E-03  -7.1511E-04  -2.3975E-03
196 7.2800E+00  -2.4116E-03  -7.1595E-04  -2.4003E-03
197 7.3150E+00  -2.3820E-03  -7.1628E-04  -2.4014E-03
198 7.3500E+00  -2.4016E-03  -7.1557E-04  -2.3990E-03
199 7.3850E+00  -2.4465E-03  -7.1380E-04  -2.3931E-03
200 7.4200E+00  -2.4165E-03  -7.1211E-04  -2.3874E-03
201 7.4550E+00  -2.4114E-03  -7.1044E-04  -2.3818E-03
202 7.4900E+00  -2.3918E-03  -7.0896E-04  -2.3769E-03
203 7.5250E+00  -2.3612E-03  -7.0711E-04  -2.3707E-03
204 7.5600E+00  -2.3576E-03  -7.0612E-04  -2.3673E-03
205 7.5950E+00  -2.3504E-03  -7.0490E-04  -2.3633E-03
206 7.6300E+00  -2.3535E-03  -7.0320E-04  -2.3576E-03
207 7.6650E+00  -2.3331E-03  -7.0120E-04  -2.3509E-03
208 7.7000E+00  -2.3502E-03  -6.9773E-04  -2.3392E-03
209 7.7350E+00  -2.3442E-03  -6.9551E-04  -2.3318E-03
210 7.7700E+00  -2.3267E-03  -6.9333E-04  -2.3245E-03
211 7.8050E+00  -2.3244E-03  -6.8979E-04  -2.3126E-03
212 7.8400E+00  -2.2716E-03  -6.8668E-04  -2.3022E-03
213 7.8750E+00  -2.2902E-03  -6.8359E-04  -2.2918E-03
214 7.9100E+00  -2.2931E-03  -6.7913E-04  -2.2769E-03
215 7.9450E+00  -2.2482E-03  -6.7607E-04  -2.2666E-03
216 7.9800E+00  -2.2446E-03  -6.7242E-04  -2.2544E-03
217 8.0150E+00  -2.2460E-03  -6.6926E-04  -2.2438E-03
218 8.0500E+00  -2.1898E-03  -6.6686E-04  -2.2357E-03
219 8.0850E+00  -2.2157E-03  -6.6412E-04  -2.2266E-03
220 8.1200E+00  -2.1881E-03  -6.6052E-04  -2.2145E-03
221 8.1550E+00  -2.1838E-03  -6.5863E-04  -2.2082E-03
222 8.1900E+00  -2.1931E-03  -6.5652E-04  -2.2011E-03
223 8.2250E+00  -2.1847E-03  -6.5379E-04  -2.1919E-03
224 8.2600E+00  -2.1415E-03  -6.4885E-04  -2.1753E-03
225 8.2950E+00  -2.1758E-03  -6.4444E-04  -2.1606E-03
226 8.3300E+00  -2.1640E-03  -6.4003E-04  -2.1458E-03
227 8.3650E+00  -2.1554E-03  -6.3555E-04  -2.1308E-03
228 8.4000E+00  -2.0850E-03  -6.3183E-04  -2.1183E-03
229 8.4350E+00  -2.0823E-03  -6.2760E-04  -2.1041E-03
230 8.4700E+00  -2.0690E-03  -6.2380E-04  -2.0914E-03
231 8.5050E+00  -2.0466E-03  -6.1994E-04  -2.0784E-03
232 8.5400E+00  -2.0555E-03  -6.1652E-04  -2.0670E-03
233 8.5750E+00  -2.0269E-03  -6.1249E-04  -2.0535E-03
234 8.6100E+00  -2.0250E-03  -6.0797E-04  -2.0383E-03
235 8.6450E+00  -2.0070E-03  -6.0318E-04  -2.0223E-03
236 8.6800E+00  -2.0089E-03  -5.9865E-04  -2.0071E-03
237 8.7150E+00  -1.9844E-03  -5.9452E-04  -1.9932E-03
238 8.7500E+00  -1.9595E-03  -5.8902E-04  -1.9748E-03
239 8.7850E+00  -1.9371E-03  -5.8359E-04  -1.9566E-03
240 8.8200E+00  -1.9229E-03  -5.7782E-04  -1.9372E-03
241 8.8550E+00  -1.9272E-03  -5.7278E-04  -1.9203E-03
242 8.8900E+00  -1.8764E-03  -5.6800E-04  -1.9043E-03
243 8.9250E+00  -1.8628E-03  -5.6207E-04  -1.8844E-03
244 8.9600E+00  -1.8320E-03  -5.5663E-04  -1.8662E-03
245 8.9950E+00  -1.8278E-03  -5.5132E-04  -1.8484E-03
246 9.0300E+00  -1.8262E-03  -5.4529E-04  -1.8282E-03
247 9.0650E+00  -1.7771E-03  -5.3925E-04  -1.8079E-03
248 9.1000E+00  -1.7682E-03  -5.3385E-04  -1.7898E-03
249 9.1350E+00  -1.7579E-03  -5.2840E-04  -1.7715E-03
250 9.1700E+00  -1.7223E-03  -5.2318E-04  -1.7540E-03
251 9.2050E+00  -1.6974E-03  -5.1826E-04  -1.7375E-03
252 9.2400E+00  -1.6945E-03  -5.1285E-04  -1.7194E-03
253 9.2750E+00  -1.6744E-03  -5.0616E-04  -1.6970E-03
254 9.3100E+00  -1.6597E-03  -4.9980E-04  -1.6756E-03
255 9.3450E+00  -1.6513E-03  -4.9316E-04  -1.6534E-03
256 9.3800E+00  -1.6307E-03  -4.8603E-04  -1.6295E-03
257 9.4150E+00  -1.5764E-03  -4.7781E-04  -1.6019E-03
258 9.4500E+00  -1.5641E-03  -4.7118E-04  -1.5797E-03
259 9.4850E+00  -1.5368E-03  -4.6511E-04  -1.5593E-03
260 9.5200E+00  -1.5103E-03  -4.5754E-04  -1.5339E-03
261 9.5550E+00  -1.4493E-03  -4.4924E-04  -1.5062E-03
262 9.5900E+00  -1.4576E-03  -4.4215E-04  -1.4824E-03
263 9.6250E+00  -1.4585E-03  -4.3591E-04  -1.4614E-03
264 9.6600E+00  -1.4047E-03  -4.2912E-04  -1.4387E-03
265 9.6950E+00  -1.3542E-03  -4.2100E-04  -1.4115E-03
266 9.7300E+00  -1.3522E-03  -4.1329E-04  -1.3856E-03
267 9.7650E+00  -1.3517E-03  -4.0511E-04  -1.3582E-03
268 9.8000E+00  -1.3261E-03  -3.9693E-04  -1.3308E-03
269 9.8350E+00  -1.2648E-03  -3.8898E-04  -1.3041E-03
270 9.8700E+00  -1.2514E-03  -3.8043E-04  -1.2754E-03
271 9.9050E+00  -1.2138E-03  -3.7283E-04  -1.2500E-03
272 9.9400E+00  -1.1837E-03  -3.6565E-04  -1.2259E-03
273 9.9750E+00  -1.1672E-03  -3.5678E-04  -1.1962E-03
274 1.0010E+01  -1.1200E-03  -3.4805E-04  -1.1669E-03
275 1.0045E+01  -1.1111E-03  -3.3963E-04  -1.1386E-03
276 1.0080E+01  -1.1076E-03  -3.3045E-04  -1.1079E-03
277 1.0115E+01  -1.0390E-03  -3.2262E-04  -1.0816E-03
278 1.0150E+01  -1.0093E-03  -3.1448E-04  -1.0543E-03
279 1.0185E+01  -9.9505E-04  -3.0603E-04  -1.0260E-03
280 1.0220E+01  -9.3812E-04  -2.9712E-04  -9.9615E-04
281 1.0255E+01  -9.4418E-04  -2.8907E-04  -9.6915E-04
282 1.0290E+01  -9.1118E-04  -2.8157E-04  -9.4400E-04
283 1.0325E+01  -8.7930E-04  -2.7368E-04  -9.1753E-04
284 1.0360E+01  -8.3498E-04  -2.6657E-04  -8.9371E-04
285 1.0395E+01  -8.2285E-04  -2.5798E-04  -8.6489E-04
286 1.0430E+01  -8.1467E-04  -2.4974E-04  -8.3728E-04
287 1.0465E+01  -7.7168E-04  -2.4132E-04  -8.0904E-04
288 1.0500E+01  -7.7604E-04  -2.3196E-04  -7.7769E-04
289 1.0535E+01  -7.1080E-04  -2.2196E-04  -7.4416E-04
290 1.0570E+01  -6.9143E-04  -2.1251E-04  -7.1248E-04
291 1.0605E+01  -6.6365E-04  -2.0209E-04  -6.7754E-04
292 1.0640E+01  -6.1641E-04  -1.9239E-04  -6.4502E-04
293 1.0675E+01  -5.6279E-04  -1.8391E-04  -6.1658E-04
294 1.0710E+01  -5.5063E-04  -1.7501E-04  -5.8675E-04
295 1.0745E+01  -4.9082E-04  -1.6583E-04  -5.5598E-04
296 1.0780E+01  -4.6660E-04  -1.5779E-04  -5.2902E-04
297 1.0815E+01  -4.6782E-04  -1.5018E-04  -5.0351E-04
298 1.0850E+01  -4.3196E-04  -1.4344E-04  -4.8090E-04
299 1.0885E+01  -3.8782E-04  -1.3645E-04  -4.5748E-04
300 1.0920E+01  -3.8556E-04  -1.2952E-04  -4.3423E-04
301 1.0955E+01  -3.6409E-04  -1.2339E-04  -4.1367E-04
302 1.0990E+01  -3.6261E-04  -1.1696E-04  -3.9212E-04
303 1.1025E+01  -3.3464E-04  -1.1038E-04  -3.7006E-04
304 1.1060E+01  -3.0698E-04  -1.0407E-04  -3.4889E-04
305 1.1095E+01  -3.0667E-04  -1.0005E-04  -3.3544E-04
306 1.1130E+01  -2.7862E-04  -9.4735E-05  -3.1761E-04
307 1.1165E+01  -2.5561E-04  -8.9821E-05  -3.0113E-04
308 1.1200E+01  -2.2348E-04  -8.4870E-05  -2.8454E-04
309 1.1235E+01  -2.7186E-04  -8.1440E-05  -2.7304E-04
310 1.1270E+01  -2.2098E-04  -7.8161E-05  -2.6205E-04
311 1.1305E+01  -2.1632E-04  -7.5595E-05  -2.5344E-04
312 1.1340E+01  -1.8910E-04  -7.3039E-05  -2.4487E-04
313 1.1375E+01  -2.1260E-04  -7.1372E-05  -2.3928E-04
314 1.1410E+01  -2.0029E-04  -7.0734E-05  -2.3715E-04
315 1.1445E+01  -2.0892E-04  -7.0762E-05  -2.3724E-04
316 1.1480E+01  -1.9647E-04  -7.3288E-05  -2.4571E-04
317 1.1515E+01  -2.0475E-04  -7.6377E-05  -2.5606E-04
318 1.1550E+01  -2.2560E-04  -7.9185E-05  -2.6548E-04
319 1.1585E+01  -2.2590E-04  -8.2833E-05  -2.7771E-04
320 1.1620E+01  -2.8733E-04  -8.8025E-05  -2.9512E-04
321 1.1655E+01  -3.1312E-04  -9.3260E-05  -3.1267E-04
322 1.1690E+01  -3.1315E-04  -9.9438E-05  -3.3338E-04
323 1.1725E+01  -3.3450E-04  -1.0710E-04  -3.5907E-04
324 1.1760E+01  -3.8802E-04  -1.1592E-04  -3.8865E-04
325 1.1795E+01  -4.0232E-04  -1.2435E-04  -4.1691E-04
326 1.1830E+01  -4.3710E-04  -1.3332E-04  -4.4698E-04
327 1.1865E+01  -4.8857E-04  -1.4394E-04  -4.8258E-04
328 1.1900E+01  -5.4765E-04  -1.5618E-04  -5.2362E-04
329 1.1935E+01  -5.6549E-04  -1.6952E-04  -5.6835E-04
330 1.1970E+01  -5.9929E-04  -1.8192E-04  -6.0991E-04
331 1.2005E+01  -6.6427E-04  -1.9342E-04  -6.4845E-04
332 1.2040E+01  -7.3429E-04  -2.0539E-04  -6.8859E-04
333 1.2075E+01  -8.0877E-04  -2.1813E-04  -7.3130E-04
334 1.2110E+01  -8.3498E-04  -2.3227E-04  -7.7870E-04
335 1.2145E+01  -8.5049E-04  -2.4614E-04  -8.2521E-04
336 1.2180E+01  -8.9883E-04  -2.5893E-04  -8.6811E-04
337 1.2215E+01  -9.5006E-04  -2.7183E-04  -9.1136E-04
338 1.2250E+01  -1.0295E-03  -2.8534E-04  -9.5663E-04
339 1.2285E+01  -1.0768E-03  -2.9813E-04  -9.9953E-04
340 1.2320E+01  -1.0953E-03  -3.0824E-04  -1.0334E-03
341 1.2355E+01  -1.1370E-03  -3.1843E-04  -1.0676E-03
342 1.2390E+01  -1.1963E-03  -3.2925E-04  -1.1038E-03
343 1.2425E+01  -1.2402E-03  -3.3856E-04  -1.1351E-03
344 1.2460E+01  -1.2132E-03  -3.4518E-04  -1.1572E-03
345 1.2495E+01  -1.2438E-03  -3.5098E-04  -1.1767E-03
346 1.2530E+01  -1.3003E-03  -3.5719E-04  -1.1975E-03
347 1.2565E+01  -1.3129E-03  -3.6118E-04  -1.2109E-03
348 1.2600E+01  -1.2795E-03  -3.6150E-04  -1.2120E-03
349 1.2635E+01  -1.2757E-03  -3.5951E-04  -1.2053E-03
350 1.2670E+01  -1.3148E-03  -3.5335E-04  -1.1846E-03
351 1.2705E+01  -1.2984E-03  -3.4152E-04  -1.1450E-03
352 1.2740E+01  -1.2255E-03  -3.2236E-04  -1.0808E-03
353 1.2775E+01  -1.1860E-03  -2.9122E-04  -9.7636E-04
354 1.2810E+01  -1.0980E-03  -2.4820E-04  -8.3214E-04
355 1.2845E+01  -9.6072E-04  -1.9162E-04  -6.4243E-04
356 1.2880E+01  -7.9077E-04  -1.2036E-04  -4.0353E-04
357 1.2915E+01  -4.7170E-04  -3.4239E-05  -1.1479E-04
358 1.2950E+01  -1.2395E-04  6.8915E-05  2.3105E-04
359 1.2985E+01  3.0033E-04  1.9082E-04  6.3976E-04
360 1.3020E+01  8.0060E-04  3.3008E-04  1.1066E-03
361 1.3055E+01  1.3443E-03  4.8544E-04  1.6275E-03
362 1.3090E+01  1.9820E-03  6.5802E-04  2.2061E-03
363 1.3125E+01  2.7285E-03  8.4509E-04  2.8333E-03
364 1.3160E+01  3.5118E-03  1.0485E-03  3.5153E-03
365 1.3195E+01  4.3084E-03  1.2690E-03  4.2546E-03
366 1.3230E+01  5.2089E-03  1.5069E-03  5.0521E-03
367 1.3265E+01  6.0838E-03  1.7617E-03  5.9062E-03
368 1.3300E+01  7.0531E-03  2.0341E-03  6.8195E-03
369 1.3335E+01  8.0925E-03  2.3224E-03  7.7860E-03
370 1.3370E+01  9.2022E-03  2.6267E-03  8.8064E-03
371 1.3405E+01  1.0349E-02  2.9487E-03  9.8859E-03
372 1.3440E+01  1.1584E-02  3.2867E-03  1.1019E-02
373 1.3475E+01  1.2834E-02  3.6403E-03  1.2204E-02
374 1.3510E+01  1.4129E-02  4.0099E-03  1.3444E-02
375 1.3545E+01  1.5529E-02  4.3945E-03  1.4733E-02
376 1.3580E+01  1.6950E-02  4.7940E-03  1.6073E-02
377 1.3615E+01  1.8405E-02  5.2093E-03  1.7465E-02
378 1.3650E+01  1.9936E-02  5.6393E-03  1.8907E-02
379 1.3685E+01  2.1491E-02  6.0850E-03  2.0401E-02
380 1.3720E+01  2.3090E-02  6.5457E-03  2.1945E-02
381 1.3755E+01  2.4768E-02  7.0202E-03  2.3536E-02
382 1.3790E+01  2.6465E-02  7.5047E-03  2.5160E-02
383 1.3825E+01  2.8238E-02  7.9959E-03  2.6807E-02
384 1.3860E+01  3.0054E-02  8.4944E-03  2.8479E-02
385 1.3895E+01  3.1902E-02  8.9968E-03  3.0163E-02
386 1.3930E+01  3.3721E-02  9.5014E-03  3.1855E-02
387 1.3965E+01  3.5484E-02  1.0010E-02  3.3561E-02
388 1.4000E+01  3.7296E-02  1.0523E-02  3.5281E-02
389 1.4035E+01  3.9061E-02  1.1046E-02  3.7035E-02
390 1.4070E+01  4.0779E-02  1.1583E-02  3.8832E-02
391 1.4105E+01  4.2572E-02  1.2135E-02  4.0684E-02
392 1.4140E+01  4.4335E-02  1.2709E-02  4.2608E-02
393 1.4175E+01  4.6253E-02  1.3306E-02  4.4612E-02
394 1.4210E+01  4.8269E-02  1.3924E-02  4.6683E-02
395 1.4245E+01  5.0388E-02  1.4557E-02  4.8803E-02
396 1.4280E+01  5.2680E-02  1.5197E-02  5.0949E-02
397 1.4315E+01  5.5114E-02  1.5835E-02  5.3090E-02
398 1.4350E+01  5.7565E-02  1.6459E-02  5.5180E-02
399 1.4385E+01  5.9970E-02  1.7054E-02  5.7176E-02
400 1.4420E+01  6.2292E-02  1.7614E-02  5.9053E-02
401 1.4455E+01  6.4458E-02  1.8132E-02  6.0790E-02
402 1.4490E+01  6.6339E-02  1.8604E-02  6.2371E-02
403 1.4525E+01  6.7859E-02  1.9034E-02  6.3815E-02
404 1.4560E+01  6.9143E-02  1.9435E-02  6.5157E-02
405 1.4595E+01  7.0165E-02  1.9821E-02  6.6454E-02
406 1.4630E+01  7.0899E-02  2.0212E-02  6.7764E-02
407 1.4665E+01  7.1579E-02  2.0632E-02  6.9172E-02
408 1.4700E+01  7.2316E-02  2.1107E-02  7.0763E-02
409 1.4735E+01  7.3299E-02  2.1662E-02  7.2624E-02
410 1.4770E+01  7.4585E-02  2.2316E-02  7.4817E-02
411 1.4805E+01  7.6396E-02  2.3086E-02  7.7398E-02
412 1.4840E+01  7.8854E-02  2.3978E-02  8.0388E-02
413 1.4875E+01  8.2056E-02  2.4989E-02  8.3779E-02
414 1.4910E+01  8.5932E-02  2.6107E-02  8.7526E-02
415 1.4945E+01  9.0533E-02  2.7306E-02  9.1547E-02
416 1.4980E+01  9.5686E-02  2.8553E-02  9.5726E-02
417 1.5015E+01  1.0124E-01  2.9806E-02  9.9930E-02
418 1.5050E+01  1.0697E-01  3.1021E-02  1.0400E-01
419 1.5085E+01  1.1257E-01  3.2151E-02  1.0779E-01
420 1.5120E+01  1.1775E-01  3.3148E-02  1.1113E-01
421 1.5155E+01  1.2228E-01  3.3974E-02  1.1390E-01
422 1.5190E+01  1.2584E-01  3.4600E-02  1.1600E-01
423 1.5225E+01  1.2833E-01  3.5005E-02  1.1736E-01
424 1.5260E+01  1.2949E-01  3.5180E-02  1.1795E-01
425 1.5295E+01  1.2934E-01  3.5127E-02  1.1777E-01
426 1.5330E+01  1.2798E-01  3.4857E-02  1.1686E-01
427 1.5365E+01  1.2547E-01  3.4401E-02  1.1533E-01
428 1.5400E+01  1.2200E-01  3.3791E-02  1.1329E-01
429 1.5435E+01  1.1772E-01  3.3073E-02  1.1088E-01
430 1.5470E+01  1.1287E-01  3.2293E-02  1.0827E-01
431 1.5505E+01  1.0788E-01  3.1508E-02  1.0564E-01
432 1.5540E+01  1.0295E-01  3.0777E-02  1.0318E-01
433 1.5575E+01  9.8408E-02  3.0158E-02  1.0111E-01
434 1.5610E+01  9.4499E-02  2.9719E-02  9.9635E-02
435 1.5645E+01  9.1523E-02  2.9520E-02  9.8969E-02
436 1.5680E+01  8.9770E-02  2.9627E-02  9.9327E-02
437 1.5715E+01  8.9438E-02  3.0096E-02  1.0090E-01
438 1.5750E+01  9.0869E-02  3.0986E-02  1.0388E-01
439 1.5785E+01  9.4215E-02  3.2343E-02  1.0843E-01
440 1.5820E+01  9.9743E-02  3.4202E-02  1.1467E-01
441 1.5855E+01  1.0752E-01  3.6589E-02  1.2267E-01
442 1.5890E+01  1.1774E-01  3.9501E-02  1.3243E-01
443 1.5925E+01  1.3042E-01  4.2913E-02  1.4387E-01
444 1.5960E+01  1.4546E-01  4.6775E-02  1.5682E-01
445 1.5995E+01  1.6280E-01  5.1000E-02  1.7099E-01
446 1.6030E+01  1.8194E-01  5.5480E-02  1.8600E-01
447 1.6065E+01  2.0247E-01  6.0070E-02  2.0139E-01
448 1.6100E+01  2.2371E-01  6.4611E-02  2.1662E-01
449 1.6135E+01  2.4475E-01  6.8929E-02  2.3109E-01
450 1.6170E+01  2.6485E-01  7.2854E-02  2.4425E-01
451 1.6205E+01  2.8287E-01  7.6230E-02  2.5557E-01
452 1.6240E+01  2.9790E-01  7.8932E-02  2.6463E-01
453 1.6275E+01  3.0918E-01  8.0874E-02  2.7114E-01
454 1.6310E+01  3.1599E-01  8.2009E-02  2.7494E-01
455 1.6345E+01  3.1815E-01  8.2330E-02  2.7602E-01
456 1.6380E+01  3.1562E-01  8.1871E-02  2.7448E-01
457 1.6415E+01  3.0889E-01  8.0693E-02  2.7053E-01
458 1.6450E+01  2.9842E-01  7.8874E-02  2.6443E-01
459 1.6485E+01  2.8496E-01  7.6508E-02  2.5650E-01
460 1.6520E+01  2.6934E-01  7.3696E-02  2.4707E-01
461 1.6555E+01  2.5233E-01  7.0534E-02  2.3647E-01
462 1.6590E+01  2.3446E-01  6.7117E-02  2.2502E-01
463 1.6625E+01  2.1643E-01  6.3532E-02  2.1300E-01
464 1.6660E+01  1.9868E-01  5.9862E-02  2.0069E-01
465 1.6695E+01  1.8149E-01  5.6170E-02  1.8832E-01
466 1.6730E+01  1.6513E-01  5.2516E-02  1.7606E-01
467 1.6765E+01  1.4981E-01  4.8948E-02  1.6411E-01
468 1.6800E+01  1.3569E-01  4.5506E-02  1.5257E-01
469 1.6835E+01  1.2270E-01  4.2221E-02  1.4155E-01
470 1.6870E+01  1.1089E-01  3.9118E-02  1.3115E-01
471 1.6905E+01  1.0032E-01  3.6216E-02  1.2142E-01
472 1.6940E+01  9.0868E-02  3.3523E-02  1.1239E-01
473 1.6975E+01  8.2539E-02  3.1045E-02  1.0408E-01
474 1.7010E+01  7.5282E-02  2.8785E-02  9.6504E-02
475 1.7045E+01  6.9055E-02  2.6740E-02  8.9650E-02
476 1.7080E+01  6.3733E-02  2.4908E-02  8.3508E-02
477 1.7115E+01  5.9230E-02  2.3285E-02  7.8066E-02
478 1.7150E+01  5.5513E-02  2.1865E-02  7.3304E-02
479 1.7185E+01  5.2508E-02  2.0645E-02  6.9216E-02
480 1.7220E+01  5.0145E-02  1.9622E-02  6.5784E-02
481 1.7255E+01  4.8429E-02  1.8792E-02  6.3002E-02
482 1.7290E+01  4.7277E-02  1.8156E-02  6.0869E-02
483 1.7325E+01  4.6781E-02  1.7721E-02  5.9412E-02
484 1.7360E+01  4.6820E-02  1.7503E-02  5.8681E-02
485 1.7395E+01  4.7495E-02  1.7526E-02  5.8759E-02
486 1.7430E+01  4.8765E-02  1.7833E-02  5.9787E-02
487 1.7465E+01  5.0829E-02  1.8484E-02  6.1971E-02
488 1.7500E+01  5.3851E-02  1.9573E-02  6.5620E-02
489 1.7535E+01  5.8048E-02  2.1231E-02  7.1180E-02
490 1.7570E+01  6.3875E-02  2.3638E-02  7.9248E-02
491 1.7605E+01  7.1821E-02  2.7028E-02  9.0615E-02
492 1.7640E+01  8.2709E-02  3.1700E-02  1.0628E-01
493 1.7675E+01  9.7690E-02  3.8006E-02  1.2742E-01
494 1.7710E+01  1.1810E-01  4.6351E-02  1.5540E-01
495 1.7745E+01  1.4574E-01  5.7165E-02  1.9165E-01
496 1.7780E+01  1.8272E-01  7.0862E-02  2.3757E-01
497 1.7815E+01  2.3119E-01  8.7795E-02  2.9434E-01
498 1.7850E+01  2.9356E-01  1.0817E-01  3.6264E-01
499 1.7885E+01  3.7185E-01  1.3192E-01  4.4227E-01
500 1.7920E+01  4.6734E-01  1.5854E-01  5.3153E-01
501 1.7955E+01  5.8045E-01  1.8689E-01  6.2656E-01
502 1.7990E+01  7.0969E-01  2.1516E-01  7.2137E-01
503 1.8025E+01  8.5082E-01  2.4142E-01  8.0941E-01
504 1.8060E+01  9.9526E-01  2.6414E-01  8.8555E-01
505 1.8095E+01  1.1279E+00  2.8237E-01  9.4668E-01
506 1.8130E+01  1.2299E+00  2.9568E-01  9.9131E-01
507 1.8165E+01  1.2890E+00  3.0406E-01  1.0194E+00
508 1.8200E+01  1.3065E+00  3.0789E-01  1.0323E+00
509 1.8235E+01  1.2903E+00  3.0775E-01  1.0318E+00
510 1.8270E+01  1.2480E+00  3.0425E-01  1.0200E+00
511 1.8305E+01  1.1872E+00  2.9796E-01  9.9895E-01
512 1.8340E+01  1.1170E+00  2.8942E-01  9.7033E-01
513 1.8375E+01  1.0436E+00  2.7916E-01  9.3593E-01
514 1.8410E+01  9.6969E-01  2.6765E-01  8.9734E-01
515 1.8445E+01  8.9692E-01  2.5527E-01  8.5581E-01
516 1.8480E+01  8.2629E-01  2.4228E-01  8.1226E-01
517 1.8515E+01  7.5928E-01  2.2885E-01  7.6725E-01
518 1.8550E+01  6.9681E-01  2.1509E-01  7.2112E-01
519 1.8585E+01  6.3854E-01  2.0108E-01  6.7416E-01
520 1.8620E+01  5.8360E-01  1.8695E-01  6.2679E-01
521 1.8655E+01  5.3040E-01  1.7288E-01  5.7960E-01
522 1.8690E+01  4.7798E-01  1.5908E-01  5.3333E-01
523 1.8725E+01  4.2621E-01  1.4577E-01  4.8870E-01
524 1.8760E+01  3.7594E-01  1.3312E-01  4.4631E-01
525 1.8795E+01  3.2888E-01  1.2127E-01  4.0656E-01
526 1.8830E+01  2.8650E-01  1.1026E-01  3.6965E-01
527 1.8865E+01  2.4979E-01  1.0011E-01  3.3563E-01
528 1.8900E+01  2.1872E-01  9.0808E-02  3.0445E-01
529 1.8935E+01  1.9263E-01  8.2323E-02  2.7600E-01
530 1.8970E+01  1.7070E-01  7.4615E-02  2.5016E-01
531 1.9005E+01  1.5200E-01  6.7640E-02  2.2677E-01
532 1.9040E+01  1.3599E-01  6.1358E-02  2.0571E-01
533 1.9075E+01  1.2215E-01  5.5726E-02  1.8683E-01
534 1.9110E+01  1.1029E-01  5.0701E-02  1.6998E-01
535 1.9145E+01  1.0011E-01  4.6244E-02  1.5504E-01
536 1.9180E+01  9.1504E-02  4.2318E-02  1.4188E-01
537 1.9215E+01  8.4338E-02  3.8880E-02  1.3035E-01
538 1.9250E+01  7.8414E-02  3.5897E-02  1.2035E-01
539 1.9285E+01  7.3727E-02  3.3333E-02  1.1175E-01
540 1.9320E+01  7.0141E-02  3.1152E-02  1.0444E-01
541 1.9355E+01  6.7447E-02  2.9323E-02  9.8309E-02
542 1.9390E+01  6.5653E-02  2.7812E-02  9.3244E-02
543 1.9425E+01  6.4648E-02  2.6588E-02  8.9140E-02
544 1.9460E+01  6.4259E-02  2.5616E-02  8.5881E-02
545 1.9495E+01  6.4526E-02  2.4862E-02  8.3351E-02
546 1.9530E+01  6.5247E-02  2.4291E-02  8.1439E-02
547 1.9565E+01  6.6375E-02  2.3870E-02  8.0027E-02
548 1.9600E+01  6.7756E-02  2.3558E-02  7.8983E-02
549 1.9635E+01  6.9235E-02  2.3316E-02  7.8169E-02
550 1.9670E+01  7.0747E-02  2.3101E-02  7.7450E-02
551 1.9705E+01  7.2177E-02  2.2875E-02  7.6692E-02
552 1.9740E+01  7.3274E-02  2.2600E-02  7.5768E-02
553 1.9775E+01  7.3882E-02  2.2244E-02  7.4575E-02
554 1.9810E+01  7.3859E-02  2.1783E-02  7.3029E-02
555 1.9845E+01  7.3092E-02  2.1205E-02  7.1094E-02
556 1.9880E+01  7.1452E-02  2.0517E-02  6.8786E-02
557 1.9915E+01  6.8956E-02  1.9732E-02  6.6154E-02
558 1.9950E+01  6.5616E-02  1.8871E-02  6.3269E-02
559 1.9985E+01  6.1596E-02  1.7961E-02  6.0217E-02
560 2.0020E+01  5.7265E-02  1.7023E-02  5.7071E-02
561 2.0055E+01  5.2816E-02  1.6071E-02  5.3881E-02
562 2.0090E+01  4.8470E-02  1.5120E-02  5.0691E-02
563 2.0125E+01  4.4417E-02  1.4176E-02  4.7525E-02
564 2.0160E+01  4.0703E-02  1.3245E-02  4.4405E-02
565 2.0195E+01  3.7200E-02  1.2330E-02  4.1336E-02
566 2.0230E+01  3.3970E-02  1.1433E-02  3.8331E-02
567 2.0265E+01  3.0880E-02  1.0558E-02  3.5399E-02
568 2.0300E+01  2.7984E-02  9.7117E-03  3.2560E-02
569 2.0335E+01  2.5160E-02  8.8961E-03  2.9825E-02
570 2.0370E+01  2.2466E-02  8.1153E-03  2.7208E-02
571 2.0405E+01  1.9885E-02  7.3775E-03  2.4734E-02
572 2.0440E+01  1.7512E-02  6.6879E-03  2.2422E-02
573 2.0475E+01  1.5312E-02  6.0471E-03  2.0274E-02
574 2.0510E+01  1.3263E-02  5.4563E-03  1.8293E-02
575 2.0545E+01  1.1517E-02  4.9170E-03  1.6485E-02
576 2.0580E+01  1.0047E-02  4.4290E-03  1.4849E-02
577 2.0615E+01  8.7544E-03  3.9870E-03  1.3367E-02
578 2.0650E+01  7.6453E-03  3.5895E-03  1.2034E-02
579 2.0685E+01  6.7418E-03  3.2335E-03  1.0841E-02
580 2.0720E+01  6.0339E-03  2.9180E-03  9.7828E-03
581 2.0755E+01  5.3719E-03  2.6369E-03  8.8407E-03
582 2.0790E+01  4.8393E-03  2.3887E-03  8.0086E-03
583 2.0825E+01  4.3773E-03  2.1685E-03  7.2702E-03
584 2.0860E+01  4.0644E-03  1.9757E-03  6.6239E-03
585 2.0895E+01  3.7352E-03  1.8055E-03  6.0532E-03
586 2.0930E+01  3.5093E-03  1.6552E-03  5.5493E-03
587 2.0965E+01  3.2630E-03  1.5235E-03  5.1079E-03
588 2.1000E+01  3.1238E-03  1.4083E-03  4.7215E-03
589 2.1035E+01  2.9658E-03  1.3083E-03  4.3861E-03
590 2.1070E+01  2.8180E-03  1.2190E-03  4.0868E-03
591 2.1105E+01  2.7182E-03  1.1401E-03  3.8222E-03
592 2.1140E+01  2.6228E-03  1.0697E-03  3.5862E-03
593 2.1175E+01  2.5809E-03  1.0085E-03  3.3810E-03
594 2.1210E+01  2.4714E-03  9.5405E-04  3.1986E-03
595 2.1245E+01  2.4016E-03  9.0653E-04  3.0393E-03
596 2.1280E+01  2.3109E-03  8.6523E-04  2.9008E-03
597 2.1315E+01  2.2811E-03  8.2744E-04  2.7741E-03
598 2.1350E+01  2.2192E-03  7.9284E-04  2.6581E-03
599 2.1385E+01  2.1827E-03  7.6047E-04  2.5496E-03
600 2.1420E+01  2.1685E-03  7.2938E-04  2.4454E-03
601 2.1455E+01  2.1055E-03  7.0048E-04  2.3484E-03
602 2.1490E+01  2.0496E-03  6.7327E-04  2.2572E-03
603 2.1525E+01  1.9871E-03  6.4658E-04  2.1678E-03
604 2.1560E+01  1.9008E-03  6.2150E-04  2.0837E-03
605 2.1595E+01  1.8431E-03  5.9788E-04  2.0045E-03
606 2.1630E+01  1.7892E-03  5.7410E-04  1.9247E-03
607 2.1665E+01  1.7031E-03  5.5089E-04  1.8469E-03
608 2.1700E+01  1.6454E-03  5.2901E-04  1.7736E-03
609 2.1735E+01  1.6001E-03  5.0625E-04  1.6973E-03
610 2.1770E+01  1.5146E-03  4.8440E-04  1.6240E-03
611 2.1805E+01  1.4385E-03  4.6139E-04  1.5469E-03
612 2.1840E+01  1.4023E-03  4.4014E-04  1.4756E-03
613 2.1875E+01  1.2968E-03  4.1881E-04  1.4041E-03
614 2.1910E+01  1.2533E-03  3.9657E-04  1.3296E-03
615 2.1945E+01  1.1380E-03  3.7548E-04  1.2589E-03
616 2.1980E+01  1.1051E-03  3.5539E-04  1.1915E-03
617 2.2015E+01  1.0384E-03  3.3653E-04  1.1283E-03
618 2.2050E+01  9.3633E-04  3.1860E-04  1.0681E-03
619 2.2085E+01  8.8625E-04  3.0003E-04  1.0059E-03
620 2.2120E+01  8.3498E-04  2.8258E-04  9.4738E-04
621 2.2155E+01  7.9223E-04  2.6550E-04  8.9011E-04
622 2.2190E+01  7.5834E-04  2.4867E-04  8.3369E-04
623 2.2225E+01  6.7467E-04  2.3348E-04  7.8276E-04
624 2.2260E+01  6.3851E-04  2.1983E-04  7.3701E-04
625 2.2295E+01  5.8999E-04  2.0748E-04  6.9561E-04
626 2.2330E+01  5.3027E-04  1.9461E-04  6.5246E-04
627 2.2365E+01  5.0907E-04  1.8354E-04  6.1534E-04
628 2.2400E+01  4.8871E-04  1.7319E-04  5.8063E-04
629 2.2435E+01  4.8273E-04  1.6303E-04  5.4659E-04
630 2.2470E+01  4.1681E-04  1.5194E-04  5.0941E-04
631 2.2505E+01  4.1699E-04  1.4215E-04  4.7658E-04
632 2.2540E+01  3.9539E-04  1.3394E-04  4.4906E-04
633 2.2575E+01  3.7341E-04  1.2663E-04  4.2455E-04
634 2.2610E+01  3.0864E-04  1.2133E-04  4.0678E-04
635 2.2645E+01  2.9593E-04  1.1597E-04  3.8880E-04
636 2.2680E+01  3.0207E-04  1.1000E-04  3.6879E-04
637 2.2715E+01  2.8529E-04  1.0501E-04  3.5205E-04
638 2.2750E+01  3.1257E-04  9.9977E-05  3.3519E-04
639 2.2785E+01  2.9875E-04  9.6784E-05  3.2448E-04
640 2.2820E+01  2.5786E-04  9.3542E-05  3.1361E-04
641 2.2855E+01  2.6655E-04  9.0645E-05  3.0390E-04
642 2.2890E+01  2.3683E-04  8.8270E-05  2.9594E-04
643 2.2925E+01  2.6890E-04  8.6175E-05  2.8891E-04
644 2.2960E+01  2.5540E-04  8.4340E-05  2.8276E-04
645 2.2995E+01  2.5058E-04  8.2631E-05  2.7703E-04
646 2.3030E+01  2.5298E-04  7.9344E-05  2.6601E-04
647 2.3065E+01  2.5151E-04  7.5993E-05  2.5478E-04
648 2.3100E+01  2.4804E-04  7.3486E-05  2.4637E-04
649 2.3135E+01  2.5510E-04  7.3001E-05  2.4475E-04
650 2.3170E+01  2.0889E-04  7.2730E-05  2.4384E-04
651 2.3205E+01  1.9404E-04  7.4197E-05  2.4876E-04
652 2.3240E+01  1.9155E-04  7.5320E-05  2.5252E-04
653 2.3275E+01  2.3771E-04  7.5356E-05  2.5264E-04
654 2.3310E+01  2.3013E-04  7.2848E-05  2.4423E-04
655 2.3345E+01  2.7637E-04  7.0873E-05  2.3761E-04
656 2.3380E+01  2.7505E-04  6.9386E-05  2.3262E-04
657 2.3415E+01  2.6721E-04  6.7044E-05  2.2477E-04
658 2.3450E+01  1.9820E-04  6.4695E-05  2.1690E-04
659 2.3485E+01  1.9923E-04  6.1721E-05  2.0693E-04
660 2.3520E+01  2.1120E-04  5.9880E-05  2.0076E-04
661 2.3555E+01  1.8246E-04  5.8422E-05  1.9587E-04
662 2.3590E+01  1.7995E-04  5.5365E-05  1.8562E-04
663 2.3625E+01  1.4947E-04  5.1753E-05  1.7351E-04
664 2.3660E+01  1.6454E-04  4.8745E-05  1.6342E-04
665 2.3695E+01  1.7771E-04  4.7255E-05  1.5843E-04
666 2.3730E+01  1.3466E-04  4.4506E-05  1.4921E-04
667 2.3765E+01  1.0886E-04  4.2508E-05  1.4252E-04
668 2.3800E+01  1.0069E-04  4.1629E-05  1.3956E-04
669 2.3835E+01  1.3915E-04  3.9342E-05  1.3190E-04
670 2.3870E+01  9.8636E-05  3.8610E-05  1.2944E-04
671 2.3905E+01  9.9376E-05  4.0031E-05  1.3421E-04
672 2.3940E+01  1.3261E-04  4.1786E-05  1.4009E-04
673 2.3975E+01  8.6358E-05  4.7930E-05  1.6069E-04
674 2.4010E+01  1.0459E-04  5.4900E-05  1.8406E-04
675 2.4045E+01  1.6306E-04  6.1815E-05  2.0724E-04
676 2.4080E+01  1.4980E-04  6.9914E-05  2.3440E-04
677 2.4115E+01  2.6507E-04  7.7761E-05  2.6071E-04
678 2.4150E+01  3.0955E-04  8.4687E-05  2.8393E-04
679 2.4185E+01  3.2385E-04  9.1760E-05  3.0764E-04
680 2.4220E+01  3.7820E-04  9.8320E-05  3.2963E-04
681 2.4255E+01  4.0493E-04  1.0338E-04  3.4658E-04
682 2.4290E+01  4.0591E-04  1.0846E-04  3.6362E-04
683 2.4325E+01  4.3374E-04  1.1106E-04  3.7234E-04
684 2.4360E+01  4.5433E-04  1.1034E-04  3.6993E-04
685 2.4395E+01  4.3397E-04  1.0899E-04  3.6541E-04
686 2.4430E+01  4.6245E-04  1.0596E-04  3.5524E-04
687 2.4465E+01  4.3533E-04  1.0167E-04  3.4086E-04
688 2.4500E+01  3.5855E-04  9.6332E-05  3.2297E-04
689 2.4535E+01  3.4905E-04  9.2556E-05  3.1031E-04
690 2.4570E+01  3.0601E-04  8.7325E-05  2.9277E-04
691 2.4605E+01  2.7254E-04  8.1139E-05  2.7203E-04
692 2.4640E+01  2.1857E-04  7.4013E-05  2.4814E-04
693 2.4675E+01  2.4988E-04  6.6061E-05  2.2148E-04
694 2.4710E+01  2.0390E-04  5.7790E-05  1.9375E-04
695 2.4745E+01  1.6628E-04  5.0513E-05  1.6935E-04
696 2.4780E+01  1.2525E-04  4.3017E-05  1.4422E-04
697 2.4815E+01  8.3457E-05  3.6506E-05  1.2239E-04
698 2.4850E+01  4.1373E-05  3.0254E-05  1.0143E-04
699 2.4885E+01  4.2379E-05  2.1847E-05  7.3245E-05
700 2.4920E+01  7.3674E-06  1.6068E-05  5.3870E-05
701 2.4955E+01  1.9893E-06  1.0054E-05  3.3709E-05
702 2.4990E+01  5.1165E-06  4.5075E-06  1.5112E-05
703 2.5025E+01  -8.9901E-05  -1.2085E-06  -4.0518E-06
704 2.5060E+01  -4.6660E-05  -5.8550E-06  -1.9630E-05
705 2.5095E+01  -7.5959E-05  -1.1707E-05  -3.9250E-05
706 2.5130E+01  -8.0630E-05  -1.7057E-05  -5.7186E-05
707 2.5165E+01  -1.1244E-04  -2.0471E-05  -6.8632E-05
708 2.5200E+01  -9.5777E-05  -2.3850E-05  -7.9960E-05
709 2.5235E+01  -1.4303E-04  -2.5020E-05  -8.3882E-05
710 2.5270E+01  -1.6258E-04  -2.5290E-05  -8.4786E-05
711 2.5305E+01  -1.2688E-04  -2.6123E-05  -8.7581E-05
712 2.5340E+01  -1.4980E-04  -2.5323E-05  -8.4899E-05
713 2.5375E+01  -1.1048E-04  -2.4895E-05  -8.3462E-05
714 2.5410E+01  -8.4421E-05  -2.4120E-05  -8.0865E-05
715 2.5445E+01  -1.1121E-04  -2.1490E-05  -7.2047E-05
716 2.5480E+01  -6.8763E-05  -1.7276E-05  -5.7920E-05
717 2.5515E+01  -7.5714E-05  -1.1965E-05  -4.0114E-05
718 2.5550E+01  -7.4794E-05  -3.7732E-06  -1.2650E-05
719 2.5585E+01  -3.2998E-05  4.9129E-06  1.6471E-05
720 2.5620E+01  1.4735E-05  1.4118E-05  4.7331E-05
721 2.5655E+01  3.9707E-05  2.3128E-05  7.7539E-05
722 2.5690E+01  1.3084E-04  3.1763E-05  1.0649E-04
723 2.5725E+01  1.6776E-04  4.0287E-05  1.3507E-04
724 2.5760E+01  2.1120E-04  4.8379E-05  1.6220E-04
725 2.5795E+01  2.3917E-04  5.4811E-05  1.8376E-04
726 2.5830E+01  2.6035E-04  6.3161E-05  2.1175E-04
727 2.5865E+01  2.8586E-04  7.0520E-05  2.3643E-04
728 2.5900E+01  3.1680E-04  7.3941E-05  2.4790E-04
729 2.5935E+01  2.8790E-04  7.6729E-05  2.5724E-04
730 2.5970E+01  3.6023E-04  7.9162E-05  2.6540E-04
731 2.6005E+01  3.8655E-04  7.9600E-05  2.6687E-04
732 2.6040E+01  3.1189E-04  7.7374E-05  2.5941E-04
733 2.6075E+01  3.0682E-04  7.4212E-05  2.4880E-04
734 2.6110E+01  3.1576E-04  7.0135E-05  2.3514E-04
735 2.6145E+01  2.8757E-04  6.6318E-05  2.2234E-04
736 2.6180E+01  2.2348E-04  6.1027E-05  2.0460E-04
737 2.6215E+01  1.9818E-04  5.4712E-05  1.8343E-04
738 2.6250E+01  1.5992E-04  4.7647E-05  1.5974E-04
739 2.6285E+01  1.6114E-04  3.9953E-05  1.3395E-04
740 2.6320E+01  1.1542E-04  3.3788E-05  1.1328E-04
741 2.6355E+01  7.4006E-05  2.7450E-05  9.2029E-05
742 2.6390E+01  3.9669E-05  2.1147E-05  7.0898E-05
743 2.6425E+01  -1.0652E-05  1.5295E-05  5.1277E-05
744 2.6460E+01  4.9116E-06  1.1390E-05  3.8186E-05
745 2.6495E+01  -2.0707E-05  6.3860E-06  2.1410E-05
746 2.6530E+01  -4.0369E-05  2.2577E-06  7.5692E-06
747 2.6565E+01  -6.4194E-05  -7.6863E-07  -2.5769E-06
748 2.6600E+01  -2.4558E-05  -2.8291E-06  -9.4849E-06
749 2.6635E+01  -7.0804E-05  -5.2699E-06  -1.7668E-05
750 2.6670E+01  -7.0027E-05  -7.5565E-06  -2.5334E-05
751 2.6705E+01  -6.1699E-05  -9.0824E-06  -3.0450E-05
752 2.6740E+01  -4.4205E-05  -1.1951E-05  -4.0068E-05
753 2.6775E+01  -6.0407E-05  -1.5146E-05  -5.0779E-05
754 2.6810E+01  -7.1523E-05  -1.9690E-05  -6.6012E-05
755 2.6845E+01  -5.0617E-05  -2.4824E-05  -8.3227E-05
756 2.6880E+01  -9.0865E-05  -3.1058E-05  -1.0413E-04
757 2.6915E+01  -1.0100E-04  -3.9186E-05  -1.3138E-04
758 2.6950E+01  -1.4460E-04  -5.1011E-05  -1.7102E-04
759 2.6985E+01  -1.7011E-04  -6.6318E-05  -2.2234E-04
760 2.7020E+01  -2.0874E-04  -8.5466E-05  -2.8654E-04
761 2.7055E+01  -2.6004E-04  -1.1016E-04  -3.6931E-04
762 2.7090E+01  -3.6618E-04  -1.3906E-04  -4.6622E-04
763 2.7125E+01  -4.8003E-04  -1.7261E-04  -5.7869E-04
764 2.7160E+01  -6.0167E-04  -2.1043E-04  -7.0550E-04
765 2.7195E+01  -7.9032E-04  -2.5281E-04  -8.4758E-04
766 2.7230E+01  -9.5910E-04  -2.9782E-04  -9.9848E-04
767 2.7265E+01  -1.1567E-03  -3.4440E-04  -1.1546E-03
768 2.7300E+01  -1.3556E-03  -3.8940E-04  -1.3055E-03
769 2.7335E+01  -1.5880E-03  -4.3269E-04  -1.4507E-03
770 2.7370E+01  -1.7869E-03  -4.7089E-04  -1.5787E-03
771 2.7405E+01  -1.9880E-03  -5.0402E-04  -1.6898E-03
772 2.7440E+01  -2.1071E-03  -5.3108E-04  -1.7805E-03
773 2.7475E+01  -2.2397E-03  -5.5288E-04  -1.8536E-03
774 2.7510E+01  -2.2758E-03  -5.6846E-04  -1.9058E-03
775 2.7545E+01  -2.3033E-03  -5.7651E-04  -1.9328E-03
776 2.7580E+01  -2.2815E-03  -5.8019E-04  -1.9452E-03
777 2.7615E+01  -2.2634E-03  -5.7737E-04  -1.9357E-03
778 2.7650E+01  -2.2168E-03  -5.6901E-04  -1.9077E-03
779 2.7685E+01  -2.0908E-03  -5.5428E-04  -1.8583E-03
780 2.7720E+01  -2.0383E-03  -5.3537E-04  -1.7949E-03
781 2.7755E+01  -1.9065E-03  -5.1133E-04  -1.7143E-03
782 2.7790E+01  -1.7879E-03  -4.8246E-04  -1.6175E-03
783 2.7825E+01  -1.6127E-03  -4.4709E-04  -1.4989E-03
784 2.7860E+01  -1.4809E-03  -4.0452E-04  -1.3562E-03
785 2.7895E+01  -1.3058E-03  -3.5519E-04  -1.1908E-03
786 2.7930E+01  -1.1312E-03  -2.9915E-04  -1.0029E-03
787 2.7965E+01  -9.0137E-04  -2.3651E-04  -7.9294E-04
788 2.8000E+01  -6.2869E-04  -1.6734E-04  -5.6104E-04
789 2.8035E+01  -3.4345E-04  -9.4427E-05  -3.1658E-04
790 2.8070E+01  -3.5421E-05  -1.7789E-05  -5.9638E-05
791 2.8105E+01  2.8849E-04  6.1524E-05  2.0627E-04
792 2.8140E+01  6.5079E-04  1.4128E-04  4.7366E-04
793 2.8175E+01  9.6071E-04  2.1643E-04  7.2560E-04
794 2.8210E+01  1.2879E-03  2.8675E-04  9.6138E-04
795 2.8245E+01  1.6061E-03  3.4859E-04  1.1687E-03
796 2.8280E+01  1.9082E-03  4.0143E-04  1.3458E-03
797 2.8315E+01  2.0749E-03  4.4463E-04  1.4907E-03
798 2.8350E+01  2.2436E-03  4.7851E-04  1.6043E-03
799 2.8385E+01  2.3020E-03  5.0302E-04  1.6865E-03
800 2.8420E+01  2.3232E-03  5.1882E-04  1.7394E-03
801 2.8455E+01  2.2952E-03  5.2443E-04  1.7582E-03
802 2.8490E+01  2.2447E-03  5.2124E-04  1.7475E-03
803 2.8525E+01  2.1553E-03  5.1004E-04  1.7100E-03
804 2.8560E+01  2.0629E-03  4.9340E-04  1.6542E-03
805 2.8595E+01  1.8940E-03  4.7317E-04  1.5864E-03
806 2.8630E+01  1.7257E-03  4.4754E-04  1.5004E-03
807 2.8665E+01  1.5361E-03  4.2072E-04  1.4105E-03
808 2.8700E+01  1.3703E-03  3.9007E-04  1.3077E-03
809 2.8735E+01  1.2547E-03  3.5766E-04  1.1991E-03
810 2.8770E+01  1.0471E-03  3.2580E-04  1.0923E-03
811 2.8805E+01  9.5175E-04  2.9328E-04  9.8326E-04
812 2.8840E+01  7.7358E-04  2.6113E-04  8.7547E-04
813 2.8875E+01  6.2028E-04  2.3160E-04  7.7648E-04
814 2.8910E+01  5.2976E-04  2.0335E-04  6.8175E-04
815 2.8945E+01  4.0719E-04  1.7679E-04  5.9271E-04
816 2.8980E+01  2.9224E-04  1.5033E-04  5.0401E-04
817 2.9015E+01  2.4794E-04  1.2609E-04  4.2273E-04
818 2.9050E+01  1.7086E-04  1.0361E-04  3.4735E-04
819 2.9085E+01  1.2288E-04  8.3034E-05  2.7838E-04
820 2.9120E+01  2.4558E-05  6.5485E-05  2.1955E-04
821 2.9155E+01  -1.5325E-05  5.0573E-05  1.6955E-04
822 2.9190E+01  -5.8751E-05  3.7739E-05  1.2653E-04
823 2.9225E+01  -1.0008E-04  2.4779E-05  8.3075E-05
824 2.9260E+01  -1.0314E-04  1.3218E-05  4.4315E-05
825 2.9295E+01  -1.0694E-04  1.4226E-06  4.7695E-06
826 2.9330E+01  -9.9004E-05  -7.8352E-06  -2.6269E-05
827 2.9365E+01  -1.5560E-04  -1.5915E-05  -5.3357E-05
828 2.9400E+01  -1.5717E-04  -2.3024E-05  -7.7192E-05
829 2.9435E+01  -2.1683E-04  -2.9681E-05  -9.9510E-05
830 2.9470E+01  -1.9597E-04  -3.6056E-05  -1.2088E-04
831 2.9505E+01  -2.0149E-04  -4.0611E-05  -1.3615E-04
832 2.9540E+01  -2.0629E-04  -4.5794E-05  -1.5353E-04
833 2.9575E+01  -2.1694E-04  -5.1071E-05  -1.7122E-04
834 2.9610E+01  -2.4433E-04  -5.4036E-05  -1.8116E-04
835 2.9645E+01  -2.1461E-04  -5.4892E-05  -1.8403E-04
836 2.9680E+01  -2.4313E-04  -5.7670E-05  -1.9334E-04
837 2.9715E+01  -2.7364E-04  -5.9873E-05  -2.0073E-04
838 2.9750E+01  -2.4737E-04  -6.1668E-05  -2.0675E-04
839 2.9785E+01  -1.8860E-04  -6.1742E-05  -2.0700E-04
840 2.9820E+01  -2.4558E-04  -6.1668E-05  -2.0675E-04
841 2.9855E+01  -2.3968E-04  -6.1444E-05  -2.0600E-04
842 2.9890E+01  -2.4719E-04  -6.1209E-05  -2.0521E-04
843 2.9925E+01  -2.0855E-04  -5.9660E-05  -2.0002E-04
844 2.9960E+01  -2.0629E-04  -5.8442E-05  -1.9593E-04
845 2.9995E+01  -1.9992E-04  -5.7060E-05  -1.9130E-04
846 3.0030E+01  -2.0782E-04  -5.5661E-05  -1.8661E-04
847 3.0065E+01  -1.7018E-04  -5.4904E-05  -1.8407E-04
848 3.0100E+01  -1.7436E-04  -5.3545E-05  -1.7952E-04
849 3.0135E+01  -1.6728E-04  -5.1847E-05  -1.7382E-04
850 3.0170E+01  -1.5728E-04  -5.0643E-05  -1.6979E-04
851 3.0205E+01  -1.7263E-04  -4.9228E-05  -1.6504E-04
852 3.0240E+01  -1.5717E-04  -4.6103E-05  -1.5457E-04
853 3.0275E+01  -1.4089E-04  -4.3164E-05  -1.4471E-04
854 3.0310E+01  -1.4683E-04  -4.0260E-05  -1.3498E-04
855 3.0345E+01  -1.4840E-04  -3.5971E-05  -1.2060E-04
856 3.0380E+01  -9.8233E-05  -3.2552E-05  -1.0914E-04
857 3.0415E+01  -9.0167E-05  -3.1294E-05  -1.0492E-04
858 3.0450E+01  -9.0685E-05  -3.0077E-05  -1.0084E-04
859 3.0485E+01  -4.2484E-05  -2.9635E-05  -9.9356E-05
860 3.0520E+01  -3.6837E-05  -2.8433E-05  -9.5324E-05
861 3.0555E+01  -8.3279E-05  -2.6248E-05  -8.8001E-05
862 3.0590E+01  -7.4374E-05  -2.4139E-05  -8.0928E-05
863 3.0625E+01  -9.4115E-05  -2.3191E-05  -7.7752E-05
864 3.0660E+01  -7.8586E-05  -2.1697E-05  -7.2741E-05
865 3.0695E+01  -5.0487E-05  -2.1512E-05  -7.2121E-05
866 3.0730E+01  -3.6309E-05  -2.1397E-05  -7.1735E-05
867 3.0765E+01  -6.5381E-05  -2.1737E-05  -7.2877E-05
868 3.0800E+01  -3.9293E-05  -2.1210E-05  -7.1108E-05
869 3.0835E+01  -6.9249E-05  -2.0560E-05  -6.8930E-05
870 3.0870E+01  -6.6343E-05  -2.1255E-05  -7.1260E-05
871 3.0905E+01  -8.2873E-05  -2.2426E-05  -7.5186E-05
872 3.0940E+01  -6.3851E-05  -2.3146E-05  -7.7600E-05
873 3.0975E+01  -5.1385E-05  -2.5965E-05  -8.7052E-05
874 3.1010E+01  -7.9850E-05  -2.8217E-05  -9.4602E-05
875 3.1045E+01  -1.0119E-04  -3.1123E-05  -1.0434E-04
876 3.1080E+01  -7.8586E-05  -3.3691E-05  -1.1295E-04
877 3.1115E+01  -1.4093E-04  -3.6350E-05  -1.2187E-04
878 3.1150E+01  -1.3082E-04  -3.9818E-05  -1.3350E-04
879 3.1185E+01  -1.5739E-04  -4.1562E-05  -1.3934E-04
880 3.1220E+01  -1.5963E-04  -4.3567E-05  -1.4607E-04
881 3.1255E+01  -1.6262E-04  -4.5309E-05  -1.5190E-04
882 3.1290E+01  -2.0429E-04  -4.5727E-05  -1.5330E-04
883 3.1325E+01  -1.6892E-04  -4.5391E-05  -1.5218E-04
884 3.1360E+01  -1.8173E-04  -4.6950E-05  -1.5741E-04
885 3.1395E+01  -1.8808E-04  -4.7972E-05  -1.6083E-04
886 3.1430E+01  -1.6711E-04  -4.8210E-05  -1.6163E-04
887 3.1465E+01  -1.3610E-04  -4.9368E-05  -1.6551E-04
888 3.1500E+01  -1.8664E-04  -5.1058E-05  -1.7118E-04
889 3.1535E+01  -1.8395E-04  -5.2034E-05  -1.7445E-04
890 3.1570E+01  -1.6197E-04  -5.2458E-05  -1.7587E-04
891 3.1605E+01  -1.8267E-04  -5.4000E-05  -1.8104E-04
892 3.1640E+01  -2.0383E-04  -5.5698E-05  -1.8674E-04
893 3.1675E+01  -1.9599E-04  -5.7251E-05  -1.9194E-04
894 3.1710E+01  -1.7778E-04  -5.7852E-05  -1.9396E-04
895 3.1745E+01  -2.0778E-04  -5.9326E-05  -1.9890E-04
896 3.1780E+01  -2.1611E-04  -6.0076E-05  -2.0141E-04
897 3.1815E+01  -2.2566E-04  -5.8255E-05  -1.9531E-04
898 3.1850E+01  -1.9943E-04  -4.9276E-05  -1.6521E-04
899 3.1885E+01  -2.2784E-04  -4.1681E-05  -1.3974E-04
900 3.1920E+01  -2.1857E-04  -3.5257E-05  -1.1820E-04
901 3.1955E+01  -2.0143E-04  -2.9822E-05  -9.9982E-05
