0 0.0000E+00 
1 0.0000E+00 
2 0.0000E+00 
3 0.0000E+00 
4 0.0000E+00 
5 0.0000E+00 
6 0.0000E+00 
7 0.0000E+00 
8 0.0000E+00 
9 0.0000E+00 
10 0.0000E+00 
11 0.0000E+00 
12 0.0000E+00 
13 0.0000E+00 
14 0.0000E+00 
15 0.0000E+00 
16 0.0000E+00 
17 0.0000E+00 
18 0.0000E+00 
19 0.0000E+00 
20 0.0000E+00 
21 0.0000E+00 
22 0.0000E+00 
23 0.0000E+00 
24 0.0000E+00 
25 0.0000E+00 
26 0.0000E+00 
27 0.0000E+00 
28 0.0000E+00 
29 0.0000E+00 
30 0.0000E+00 
31 0.0000E+00 
32 0.0000E+00 
33 0.0000E+00 
34 0.0000E+00 
35 0.0000E+00 
36 0.0000E+00 
37 0.0000E+00 
38 0.0000E+00 
39 1.1220E-11 
40 2.4691E-02 
41 1.4301E-01 
42 1.2148E-01 
43 1.0319E-01 
44 8.7655E-02 
45 7.4459E-02 
46 6.3249E-02 
47 5.3727E-02 
48 4.5639E-02 
49 3.8768E-02 
50 3.2932E-02 
51 2.7974E-02 
52 2.3763E-02 
53 2.0185E-02 
54 1.7146E-02 
55 1.4565E-02 
56 1.2372E-02 
57 1.0510E-02 
58 8.9276E-03 
59 7.5835E-03 
60 6.4419E-03 
61 5.4721E-03 
62 4.6483E-03 
63 3.9485E-03 
64 3.3541E-03 
65 2.8491E-03 
66 2.4202E-03 
67 2.0558E-03 
68 1.7463E-03 
69 1.4834E-03 
70 1.2601E-03 
71 1.0704E-03 
72 9.0926E-04 
73 7.7238E-04 
74 6.5610E-04 
75 5.5733E-04 
76 4.7342E-04 
77 4.0215E-04 
78 3.4161E-04 
79 2.9018E-04 
80 2.4650E-04 
81 2.0939E-04 
82 1.7786E-04 
83 1.5109E-04 
84 1.2834E-04 
85 1.0902E-04 
86 9.2608E-05 
87 7.8666E-05 
88 6.6823E-05 
89 5.6763E-05 
90 4.8218E-05 
