# conv 
0 4.2000E-01  1.3700E-03  -5.2088E-03  -8.6340E-04
1 4.5500E-01  5.5539E-04  -5.1479E-03  -9.5025E-04
2 4.9000E-01  4.0228E-04  -5.1881E-03  -1.0053E-03
3 5.2500E-01  4.9045E-04  -5.1483E-03  -1.0379E-03
4 5.6000E-01  3.7863E-04  -5.1498E-03  -1.0699E-03
5 5.9500E-01  -2.2311E-04  -4.9651E-03  -1.1069E-03
6 6.3000E-01  5.7557E-04  -4.5382E-03  -1.1475E-03
7 6.6500E-01  1.8334E-04  -4.1376E-03  -1.1864E-03
8 7.0000E-01  8.7688E-04  -4.2117E-03  -1.2225E-03
9 7.3500E-01  8.0170E-04  -4.4332E-03  -1.2576E-03
10 7.7000E-01  6.3731E-04  -4.6573E-03  -1.2901E-03
11 8.0500E-01  4.1538E-04  -4.7664E-03  -1.3202E-03
12 8.4000E-01  4.7818E-04  -4.8281E-03  -1.3455E-03
13 8.7500E-01  8.7754E-04  -4.9351E-03  -1.3660E-03
14 9.1000E-01  1.0362E-03  -4.9956E-03  -1.3843E-03
15 9.4500E-01  -1.2098E-04  -5.0612E-03  -1.4000E-03
16 9.8000E-01  4.2918E-04  -5.0614E-03  -1.4127E-03
17 1.0150E+00  1.4007E-04  -5.0293E-03  -1.4233E-03
18 1.0500E+00  -3.2030E-05  -5.0537E-03  -1.4316E-03
19 1.0850E+00  1.1921E-03  -5.0611E-03  -1.4385E-03
20 1.1200E+00  -1.8800E-04  -5.0442E-03  -1.4445E-03
21 1.1550E+00  8.6702E-04  -5.0394E-03  -1.4481E-03
22 1.1900E+00  2.0471E-04  -5.0262E-03  -1.4523E-03
23 1.2250E+00  8.6184E-04  -5.0166E-03  -1.4539E-03
24 1.2600E+00  8.1822E-04  -5.0320E-03  -1.4536E-03
25 1.2950E+00  6.0028E-04  -4.9797E-03  -1.4549E-03
26 1.3300E+00  5.6481E-04  -5.0229E-03  -1.4556E-03
27 1.3650E+00  -9.3518E-04  -4.9789E-03  -1.4543E-03
28 1.4000E+00  -4.7090E-05  -4.9264E-03  -1.4525E-03
29 1.4350E+00  9.7134E-04  -4.9677E-03  -1.4509E-03
30 1.4700E+00  7.0992E-04  -4.9659E-03  -1.4481E-03
31 1.5050E+00  7.2553E-04  -4.9196E-03  -1.4454E-03
32 1.5400E+00  2.9407E-04  -4.8993E-03  -1.4413E-03
33 1.5750E+00  8.1033E-04  -4.9059E-03  -1.4385E-03
34 1.6100E+00  -4.6077E-04  -4.8662E-03  -1.4358E-03
35 1.6450E+00  -1.0597E-04  -4.8665E-03  -1.4321E-03
36 1.6800E+00  6.1681E-04  -4.8159E-03  -1.4282E-03
37 1.7150E+00  -3.5072E-04  -4.8349E-03  -1.4237E-03
38 1.7500E+00  3.5157E-04  -4.8323E-03  -1.4195E-03
39 1.7850E+00  8.7820E-04  -4.7961E-03  -1.4150E-03
40 1.8200E+00  7.2637E-04  -4.7815E-03  -1.4103E-03
41 1.8550E+00  4.4529E-04  -4.7535E-03  -1.4050E-03
42 1.8900E+00  1.9303E-04  -4.7444E-03  -1.3988E-03
43 1.9250E+00  -3.9277E-04  -4.7260E-03  -1.3940E-03
44 1.9600E+00  3.4336E-04  -4.7053E-03  -1.3892E-03
45 1.9950E+00  4.7808E-04  -4.6781E-03  -1.3835E-03
46 2.0300E+00  4.6990E-05  -4.6336E-03  -1.3787E-03
47 2.0650E+00  -1.6990E-05  -4.6440E-03  -1.3728E-03
48 2.1000E+00  -4.1992E-04  -4.6366E-03  -1.3666E-03
49 2.1350E+00  1.0752E-03  -4.5879E-03  -1.3604E-03
50 2.1700E+00  4.2306E-04  -4.6004E-03  -1.3542E-03
51 2.2050E+00  2.1070E-04  -4.5579E-03  -1.3494E-03
52 2.2400E+00  1.4869E-04  -4.5285E-03  -1.3440E-03
53 2.2750E+00  1.0606E-04  -4.5088E-03  -1.3371E-03
54 2.3100E+00  5.5537E-04  -4.4803E-03  -1.3311E-03
55 2.3450E+00  6.2240E-04  -4.5001E-03  -1.3255E-03
56 2.3800E+00  1.2186E-04  -4.4720E-03  -1.3206E-03
57 2.4150E+00  5.3900E-04  -4.4132E-03  -1.3159E-03
58 2.4500E+00  -3.9223E-04  -4.4097E-03  -1.3101E-03
59 2.4850E+00  4.6588E-04  -4.3991E-03  -1.3038E-03
60 2.5200E+00  -2.5893E-04  -4.3935E-03  -1.2986E-03
61 2.5550E+00  5.5918E-04  -4.3891E-03  -1.2940E-03
62 2.5900E+00  1.0001E-03  -4.3492E-03  -1.2883E-03
63 2.6250E+00  2.1802E-04  -4.3079E-03  -1.2822E-03
64 2.6600E+00  1.1789E-03  -4.3149E-03  -1.2764E-03
65 2.6950E+00  7.5286E-04  -4.3148E-03  -1.2704E-03
66 2.7300E+00  3.8201E-04  -4.2753E-03  -1.2641E-03
67 2.7650E+00  1.1390E-03  -4.2427E-03  -1.2583E-03
68 2.8000E+00  -2.5168E-04  -4.2314E-03  -1.2519E-03
69 2.8350E+00  1.5765E-03  -4.2056E-03  -1.2442E-03
70 2.8700E+00  1.5969E-03  -4.1786E-03  -1.2351E-03
71 2.9050E+00  4.3775E-04  -4.1684E-03  -1.2269E-03
72 2.9400E+00  1.3210E-03  -4.1405E-03  -1.2204E-03
73 2.9750E+00  9.4665E-04  -4.0931E-03  -1.2128E-03
74 3.0100E+00  1.4673E-03  -4.0248E-03  -1.2048E-03
75 3.0450E+00  9.0097E-04  -4.0092E-03  -1.1979E-03
76 3.0800E+00  1.6399E-03  -4.0300E-03  -1.1883E-03
77 3.1150E+00  1.2553E-03  -3.9848E-03  -1.1799E-03
78 3.1500E+00  3.2092E-04  -3.9391E-03  -1.1719E-03
79 3.1850E+00  1.2943E-03  -3.9557E-03  -1.1627E-03
80 3.2200E+00  1.1535E-03  -3.8556E-03  -1.1546E-03
81 3.2550E+00  1.4565E-03  -3.8495E-03  -1.1452E-03
82 3.2900E+00  6.1204E-04  -3.8398E-03  -1.1357E-03
83 3.3250E+00  1.5219E-03  -3.7767E-03  -1.1274E-03
84 3.3600E+00  1.6891E-03  -3.7795E-03  -1.1186E-03
85 3.3950E+00  1.8027E-03  -3.7162E-03  -1.1089E-03
86 3.4300E+00  2.4129E-03  -3.6797E-03  -1.0996E-03
87 3.4650E+00  2.4270E-03  -3.6776E-03  -1.0903E-03
88 3.5000E+00  2.9862E-03  -3.6420E-03  -1.0798E-03
89 3.5350E+00  2.4674E-03  -3.5875E-03  -1.0694E-03
90 3.5700E+00  3.1235E-03  -3.5631E-03  -1.0581E-03
91 3.6050E+00  2.4248E-03  -3.5386E-03  -1.0488E-03
92 3.6400E+00  3.9165E-03  -3.4725E-03  -1.0382E-03
93 3.6750E+00  3.7924E-03  -3.4479E-03  -1.0276E-03
94 3.7100E+00  3.6128E-03  -3.3747E-03  -1.0180E-03
95 3.7450E+00  3.9508E-03  -3.3978E-03  -1.0093E-03
96 3.7800E+00  4.1745E-03  -3.3325E-03  -1.0011E-03
97 3.8150E+00  4.8365E-03  -3.2923E-03  -9.9194E-04
98 3.8500E+00  3.4238E-03  -3.2767E-03  -9.8274E-04
99 3.8850E+00  4.9634E-03  -3.2669E-03  -9.7262E-04
100 3.9200E+00  4.8349E-03  -3.2540E-03  -9.6318E-04
101 3.9550E+00  5.2726E-03  -3.2000E-03  -9.5397E-04
102 3.9900E+00  5.2757E-03  -3.1735E-03  -9.4437E-04
103 4.0250E+00  6.0486E-03  -3.1149E-03  -9.3399E-04
104 4.0600E+00  4.4826E-03  -3.0968E-03  -9.2308E-04
105 4.0950E+00  6.1399E-03  -3.0720E-03  -9.1190E-04
106 4.1300E+00  7.0801E-03  -3.0344E-03  -8.9993E-04
107 4.1650E+00  7.7944E-03  -2.9836E-03  -8.8864E-04
108 4.2000E+00  7.0329E-03  -2.9347E-03  -8.7623E-04
109 4.2350E+00  7.4201E-03  -2.8958E-03  -8.6373E-04
110 4.2700E+00  6.9496E-03  -2.8321E-03  -8.5164E-04
111 4.3050E+00  7.4892E-03  -2.8153E-03  -8.3893E-04
112 4.3400E+00  7.8446E-03  -2.7481E-03  -8.2601E-04
113 4.3750E+00  9.1995E-03  -2.7009E-03  -8.1308E-04
114 4.4100E+00  7.7178E-03  -2.6723E-03  -7.9875E-04
115 4.4450E+00  1.0158E-02  -2.6163E-03  -7.8292E-04
116 4.4800E+00  1.0210E-02  -2.5663E-03  -7.6736E-04
117 4.5150E+00  1.0899E-02  -2.5280E-03  -7.5121E-04
118 4.5500E+00  1.1073E-02  -2.4554E-03  -7.3436E-04
119 4.5850E+00  1.1200E-02  -2.3650E-03  -7.1784E-04
120 4.6200E+00  1.0651E-02  -2.3207E-03  -7.0025E-04
121 4.6550E+00  1.2479E-02  -2.2566E-03  -6.8234E-04
122 4.6900E+00  1.2629E-02  -2.1804E-03  -6.6550E-04
123 4.7250E+00  1.3920E-02  -2.1370E-03  -6.4843E-04
124 4.7600E+00  1.2922E-02  -2.0555E-03  -6.3042E-04
125 4.7950E+00  1.3809E-02  -1.9815E-03  -6.1435E-04
126 4.8300E+00  1.4564E-02  -1.9488E-03  -5.9898E-04
127 4.8650E+00  1.4708E-02  -1.8923E-03  -5.8232E-04
128 4.9000E+00  1.4675E-02  -1.8001E-03  -5.6689E-04
129 4.9350E+00  1.6627E-02  -1.7853E-03  -5.5393E-04
130 4.9700E+00  1.5681E-02  -1.7564E-03  -5.4053E-04
131 5.0050E+00  1.6933E-02  -1.6667E-03  -5.2938E-04
132 5.0400E+00  1.6977E-02  -1.6282E-03  -5.1857E-04
133 5.0750E+00  1.7376E-02  -1.6460E-03  -5.0934E-04
134 5.1100E+00  1.7520E-02  -1.5785E-03  -5.0252E-04
135 5.1450E+00  1.8122E-02  -1.5914E-03  -4.9569E-04
136 5.1800E+00  1.7782E-02  -1.5570E-03  -4.9013E-04
137 5.2150E+00  1.7887E-02  -1.5489E-03  -4.8653E-04
138 5.2500E+00  1.8132E-02  -1.5824E-03  -4.8399E-04
139 5.2850E+00  1.8820E-02  -1.5541E-03  -4.8393E-04
140 5.3200E+00  1.9595E-02  -1.5545E-03  -4.8521E-04
141 5.3550E+00  1.8820E-02  -1.5845E-03  -4.8894E-04
142 5.3900E+00  1.8849E-02  -1.5876E-03  -4.9326E-04
143 5.4250E+00  1.8682E-02  -1.6403E-03  -4.9866E-04
144 5.4600E+00  1.8494E-02  -1.6626E-03  -5.0291E-04
145 5.4950E+00  2.0499E-02  -1.7301E-03  -5.0793E-04
146 5.5300E+00  1.8867E-02  -1.7511E-03  -5.1350E-04
147 5.5650E+00  1.8524E-02  -1.8015E-03  -5.1989E-04
148 5.6000E+00  1.8635E-02  -1.7854E-03  -5.2641E-04
149 5.6350E+00  1.8950E-02  -1.8181E-03  -5.3325E-04
150 5.6700E+00  1.8474E-02  -1.8457E-03  -5.4173E-04
151 5.7050E+00  1.7886E-02  -1.8856E-03  -5.4952E-04
152 5.7400E+00  1.7409E-02  -1.9106E-03  -5.5713E-04
153 5.7750E+00  1.6648E-02  -1.9319E-03  -5.6517E-04
154 5.8100E+00  1.7197E-02  -2.0020E-03  -5.7337E-04
155 5.8450E+00  1.6809E-02  -2.0139E-03  -5.8197E-04
156 5.8800E+00  1.5465E-02  -2.0334E-03  -5.9098E-04
157 5.9150E+00  1.5596E-02  -2.0701E-03  -5.9807E-04
158 5.9500E+00  1.5707E-02  -2.1002E-03  -6.0642E-04
159 5.9850E+00  1.4431E-02  -2.1343E-03  -6.1524E-04
160 6.0200E+00  1.4484E-02  -2.1857E-03  -6.2399E-04
161 6.0550E+00  1.3550E-02  -2.1594E-03  -6.3197E-04
162 6.0900E+00  1.3747E-02  -2.2143E-03  -6.3943E-04
163 6.1250E+00  1.3608E-02  -2.2549E-03  -6.4747E-04
164 6.1600E+00  1.3749E-02  -2.2864E-03  -6.5424E-04
165 6.1950E+00  1.3025E-02  -2.2992E-03  -6.6179E-04
166 6.2300E+00  1.3304E-02  -2.3082E-03  -6.6884E-04
167 6.2650E+00  1.1026E-02  -2.3563E-03  -6.7639E-04
168 6.3000E+00  1.1584E-02  -2.3453E-03  -6.8298E-04
169 6.3350E+00  1.0999E-02  -2.3924E-03  -6.9000E-04
170 6.3700E+00  1.0668E-02  -2.4009E-03  -6.9650E-04
171 6.4050E+00  1.1475E-02  -2.4439E-03  -7.0235E-04
172 6.4400E+00  1.0130E-02  -2.4411E-03  -7.0789E-04
173 6.4750E+00  1.0568E-02  -2.4774E-03  -7.1268E-04
174 6.5100E+00  9.9303E-03  -2.4905E-03  -7.1798E-04
175 6.5450E+00  9.2290E-03  -2.4962E-03  -7.2359E-04
176 6.5800E+00  9.4792E-03  -2.5123E-03  -7.2866E-04
177 6.6150E+00  8.8321E-03  -2.5090E-03  -7.3203E-04
178 6.6500E+00  9.1663E-03  -2.5368E-03  -7.3600E-04
179 6.6850E+00  7.9444E-03  -2.5640E-03  -7.3964E-04
180 6.7200E+00  8.5447E-03  -2.5786E-03  -7.4059E-04
181 6.7550E+00  8.0211E-03  -2.5472E-03  -7.3603E-04
182 6.7900E+00  6.7502E-03  -2.5753E-03  -7.3751E-04
183 6.8250E+00  8.1383E-03  -2.5870E-03  -7.3993E-04
184 6.8600E+00  7.9297E-03  -2.5639E-03  -7.4111E-04
185 6.8950E+00  7.1668E-03  -2.3906E-03  -7.4244E-04
186 6.9300E+00  7.1685E-03  -2.5281E-03  -7.4365E-04
187 6.9650E+00  7.9121E-03  -2.5651E-03  -7.4579E-04
188 7.0000E+00  7.1594E-03  -2.5393E-03  -7.4837E-04
189 7.0350E+00  7.1606E-03  -2.5490E-03  -7.5030E-04
190 7.0700E+00  6.0456E-03  -2.5457E-03  -7.5163E-04
191 7.1050E+00  6.3496E-03  -2.5717E-03  -7.5265E-04
192 7.1400E+00  6.4479E-03  -2.5933E-03  -7.5380E-04
193 7.1750E+00  6.1820E-03  -2.5877E-03  -7.5382E-04
194 7.2100E+00  5.2516E-03  -2.5806E-03  -7.5490E-04
195 7.2450E+00  5.8098E-03  -2.5748E-03  -7.5725E-04
196 7.2800E+00  5.3022E-03  -2.5884E-03  -7.5810E-04
197 7.3150E+00  5.5744E-03  -2.5588E-03  -7.5849E-04
198 7.3500E+00  5.4112E-03  -2.5784E-03  -7.5787E-04
199 7.3850E+00  5.3551E-03  -2.6233E-03  -7.5619E-04
200 7.4200E+00  5.7306E-03  -2.5933E-03  -7.5457E-04
201 7.4550E+00  5.6762E-03  -2.5882E-03  -7.5296E-04
202 7.4900E+00  4.8783E-03  -2.5686E-03  -7.5154E-04
203 7.5250E+00  4.9017E-03  -2.5380E-03  -7.4972E-04
204 7.5600E+00  5.1429E-03  -2.5344E-03  -7.4876E-04
205 7.5950E+00  5.0834E-03  -2.5273E-03  -7.4759E-04
206 7.6300E+00  4.4730E-03  -2.5303E-03  -7.4594E-04
207 7.6650E+00  4.9271E-03  -2.5099E-03  -7.4405E-04
208 7.7000E+00  5.2063E-03  -2.5270E-03  -7.4064E-04
209 7.7350E+00  4.2865E-03  -2.5211E-03  -7.3845E-04
210 7.7700E+00  4.7727E-03  -2.5035E-03  -7.3636E-04
211 7.8050E+00  5.0519E-03  -2.5012E-03  -7.3291E-04
212 7.8400E+00  5.0203E-03  -2.4484E-03  -7.2985E-04
213 7.8750E+00  5.5796E-03  -2.4671E-03  -7.2688E-04
214 7.9100E+00  4.8890E-03  -2.4699E-03  -7.2249E-04
215 7.9450E+00  5.2749E-03  -2.4251E-03  -7.1950E-04
216 7.9800E+00  4.8843E-03  -2.4214E-03  -7.1591E-04
217 8.0150E+00  4.0277E-03  -2.4228E-03  -7.1278E-04
218 8.0500E+00  5.3547E-03  -2.3666E-03  -7.1039E-04
219 8.0850E+00  4.1828E-03  -2.3925E-03  -7.0774E-04
220 8.1200E+00  5.5414E-03  -2.3649E-03  -7.0414E-04
221 8.1550E+00  4.7460E-03  -2.3606E-03  -7.0227E-04
222 8.1900E+00  4.6544E-03  -2.3699E-03  -7.0017E-04
223 8.2250E+00  4.6781E-03  -2.3616E-03  -6.9755E-04
224 8.2600E+00  5.0894E-03  -2.3183E-03  -6.9271E-04
225 8.2950E+00  5.2012E-03  -2.3526E-03  -6.8840E-04
226 8.3300E+00  5.5984E-03  -2.3408E-03  -6.8408E-04
227 8.3650E+00  5.7244E-03  -2.3322E-03  -6.7965E-04
228 8.4000E+00  4.4500E-03  -2.2618E-03  -6.7600E-04
229 8.4350E+00  4.8511E-03  -2.2591E-03  -6.7184E-04
230 8.4700E+00  5.0084E-03  -2.2458E-03  -6.6810E-04
231 8.5050E+00  4.9821E-03  -2.2234E-03  -6.6427E-04
232 8.5400E+00  5.2752E-03  -2.2323E-03  -6.6090E-04
233 8.5750E+00  5.1465E-03  -2.2037E-03  -6.5696E-04
234 8.6100E+00  5.6135E-03  -2.2018E-03  -6.5252E-04
235 8.6450E+00  6.2616E-03  -2.1839E-03  -6.4782E-04
236 8.6800E+00  5.5223E-03  -2.1857E-03  -6.4333E-04
237 8.7150E+00  4.6366E-03  -2.1612E-03  -6.3930E-04
238 8.7500E+00  6.3688E-03  -2.1363E-03  -6.3391E-04
239 8.7850E+00  6.3724E-03  -2.1139E-03  -6.2859E-04
240 8.8200E+00  6.8151E-03  -2.0997E-03  -6.2291E-04
241 8.8550E+00  6.5090E-03  -2.1040E-03  -6.1792E-04
242 8.8900E+00  5.9550E-03  -2.0532E-03  -6.1325E-04
243 8.9250E+00  6.2639E-03  -2.0397E-03  -6.0741E-04
244 8.9600E+00  6.3764E-03  -2.0089E-03  -6.0205E-04
245 8.9950E+00  6.8914E-03  -2.0046E-03  -5.9684E-04
246 9.0300E+00  6.4602E-03  -2.0030E-03  -5.9093E-04
247 9.0650E+00  7.1538E-03  -1.9539E-03  -5.8496E-04
248 9.1000E+00  8.3233E-03  -1.9450E-03  -5.7964E-04
249 9.1350E+00  7.5979E-03  -1.9347E-03  -5.7426E-04
250 9.1700E+00  7.0024E-03  -1.8992E-03  -5.6909E-04
251 9.2050E+00  7.8191E-03  -1.8742E-03  -5.6424E-04
252 9.2400E+00  7.6538E-03  -1.8713E-03  -5.5895E-04
253 9.2750E+00  7.8879E-03  -1.8512E-03  -5.5237E-04
254 9.3100E+00  7.4602E-03  -1.8365E-03  -5.4612E-04
255 9.3450E+00  8.2249E-03  -1.8281E-03  -5.3960E-04
256 9.3800E+00  7.9501E-03  -1.8075E-03  -5.3264E-04
257 9.4150E+00  8.3639E-03  -1.7532E-03  -5.2454E-04
258 9.4500E+00  8.6083E-03  -1.7409E-03  -5.1797E-04
259 9.4850E+00  9.3710E-03  -1.7136E-03  -5.1202E-04
260 9.5200E+00  9.0068E-03  -1.6871E-03  -5.0461E-04
261 9.5550E+00  8.8726E-03  -1.6261E-03  -4.9644E-04
262 9.5900E+00  8.9198E-03  -1.6344E-03  -4.8942E-04
263 9.6250E+00  9.6916E-03  -1.6353E-03  -4.8325E-04
264 9.6600E+00  1.0268E-02  -1.5815E-03  -4.7661E-04
265 9.6950E+00  9.4962E-03  -1.5310E-03  -4.6861E-04
266 9.7300E+00  1.0525E-02  -1.5290E-03  -4.6104E-04
267 9.7650E+00  1.1296E-02  -1.5285E-03  -4.5300E-04
268 9.8000E+00  1.0492E-02  -1.5030E-03  -4.4493E-04
269 9.8350E+00  1.1151E-02  -1.4417E-03  -4.3713E-04
270 9.8700E+00  1.1628E-02  -1.4282E-03  -4.2869E-04
271 9.9050E+00  1.1068E-02  -1.3906E-03  -4.2116E-04
272 9.9400E+00  1.1708E-02  -1.3605E-03  -4.1413E-04
273 9.9750E+00  1.1828E-02  -1.3440E-03  -4.0541E-04
274 1.0010E+01  1.1417E-02  -1.2968E-03  -3.9680E-04
275 1.0045E+01  1.2200E-02  -1.2879E-03  -3.8854E-04
276 1.0080E+01  1.2276E-02  -1.2844E-03  -3.7947E-04
277 1.0115E+01  1.3313E-02  -1.2158E-03  -3.7174E-04
278 1.0150E+01  1.3008E-02  -1.1861E-03  -3.6372E-04
279 1.0185E+01  1.4122E-02  -1.1719E-03  -3.5540E-04
280 1.0220E+01  1.4538E-02  -1.1149E-03  -3.4662E-04
281 1.0255E+01  1.3819E-02  -1.1210E-03  -3.3864E-04
282 1.0290E+01  1.5041E-02  -1.0880E-03  -3.3125E-04
283 1.0325E+01  1.4611E-02  -1.0561E-03  -3.2342E-04
284 1.0360E+01  1.3926E-02  -1.0118E-03  -3.1644E-04
285 1.0395E+01  1.5078E-02  -9.9967E-04  -3.0796E-04
286 1.0430E+01  1.5074E-02  -9.9149E-04  -2.9984E-04
287 1.0465E+01  1.6266E-02  -9.4850E-04  -2.9156E-04
288 1.0500E+01  1.6225E-02  -9.5286E-04  -2.8239E-04
289 1.0535E+01  1.6161E-02  -8.8762E-04  -2.7254E-04
290 1.0570E+01  1.6316E-02  -8.6825E-04  -2.6327E-04
291 1.0605E+01  1.7458E-02  -8.4047E-04  -2.5301E-04
292 1.0640E+01  1.8173E-02  -7.9323E-04  -2.4342E-04
293 1.0675E+01  1.8003E-02  -7.3961E-04  -2.3505E-04
294 1.0710E+01  1.8910E-02  -7.2745E-04  -2.2628E-04
295 1.0745E+01  1.8534E-02  -6.6764E-04  -2.1720E-04
296 1.0780E+01  1.8288E-02  -6.4342E-04  -2.0924E-04
297 1.0815E+01  1.7819E-02  -6.4463E-04  -2.0167E-04
298 1.0850E+01  1.9773E-02  -6.0878E-04  -1.9498E-04
299 1.0885E+01  1.9486E-02  -5.6464E-04  -1.8806E-04
300 1.0920E+01  2.0503E-02  -5.6238E-04  -1.8116E-04
301 1.0955E+01  2.0554E-02  -5.4091E-04  -1.7508E-04
302 1.0990E+01  2.0572E-02  -5.3943E-04  -1.6871E-04
303 1.1025E+01  2.1310E-02  -5.1146E-04  -1.6221E-04
304 1.1060E+01  2.1024E-02  -4.8380E-04  -1.5587E-04
305 1.1095E+01  2.0882E-02  -4.8349E-04  -1.5188E-04
306 1.1130E+01  2.1700E-02  -4.5544E-04  -1.4659E-04
307 1.1165E+01  2.1821E-02  -4.3243E-04  -1.4172E-04
308 1.1200E+01  2.1615E-02  -4.0030E-04  -1.3675E-04
309 1.1235E+01  2.1987E-02  -4.4868E-04  -1.3331E-04
310 1.1270E+01  2.2374E-02  -3.9780E-04  -1.2999E-04
311 1.1305E+01  2.1820E-02  -3.9314E-04  -1.2741E-04
312 1.1340E+01  2.1922E-02  -3.6592E-04  -1.2481E-04
313 1.1375E+01  2.2787E-02  -3.8942E-04  -1.2306E-04
314 1.1410E+01  2.3204E-02  -3.7711E-04  -1.2235E-04
315 1.1445E+01  2.2756E-02  -3.8574E-04  -1.2222E-04
316 1.1480E+01  2.2945E-02  -3.7328E-04  -1.2456E-04
317 1.1515E+01  2.3246E-02  -3.8157E-04  -1.2750E-04
318 1.1550E+01  2.3230E-02  -4.0242E-04  -1.3016E-04
319 1.1585E+01  2.2575E-02  -4.0272E-04  -1.3360E-04
320 1.1620E+01  2.1729E-02  -4.6415E-04  -1.3861E-04
321 1.1655E+01  2.1668E-02  -4.8993E-04  -1.4365E-04
322 1.1690E+01  2.1839E-02  -4.8997E-04  -1.4959E-04
323 1.1725E+01  2.2056E-02  -5.1132E-04  -1.5698E-04
324 1.1760E+01  2.2070E-02  -5.6484E-04  -1.6557E-04
325 1.1795E+01  2.0737E-02  -5.7914E-04  -1.7377E-04
326 1.1830E+01  2.0589E-02  -6.1392E-04  -1.8247E-04
327 1.1865E+01  2.0795E-02  -6.6539E-04  -1.9278E-04
328 1.1900E+01  1.9314E-02  -7.2447E-04  -2.0467E-04
329 1.1935E+01  1.9340E-02  -7.4231E-04  -2.1772E-04
330 1.1970E+01  1.8777E-02  -7.7611E-04  -2.2988E-04
331 1.2005E+01  1.8686E-02  -8.4109E-04  -2.4114E-04
332 1.2040E+01  1.7822E-02  -9.1111E-04  -2.5287E-04
333 1.2075E+01  1.8915E-02  -9.8559E-04  -2.6532E-04
334 1.2110E+01  1.7348E-02  -1.0118E-03  -2.7917E-04
335 1.2145E+01  1.7537E-02  -1.0273E-03  -2.9282E-04
336 1.2180E+01  1.5813E-02  -1.0756E-03  -3.0540E-04
337 1.2215E+01  1.5578E-02  -1.1269E-03  -3.1808E-04
338 1.2250E+01  1.4626E-02  -1.2063E-03  -3.3135E-04
339 1.2285E+01  1.4570E-02  -1.2536E-03  -3.4405E-04
340 1.2320E+01  1.3826E-02  -1.2721E-03  -3.5407E-04
341 1.2355E+01  1.2558E-02  -1.3138E-03  -3.6413E-04
342 1.2390E+01  1.2063E-02  -1.3731E-03  -3.7485E-04
343 1.2425E+01  1.1115E-02  -1.4171E-03  -3.8417E-04
344 1.2460E+01  1.1995E-02  -1.3900E-03  -3.9083E-04
345 1.2495E+01  1.0833E-02  -1.4206E-03  -3.9664E-04
346 1.2530E+01  1.0285E-02  -1.4771E-03  -4.0289E-04
347 1.2565E+01  9.9163E-03  -1.4897E-03  -4.0706E-04
348 1.2600E+01  1.0276E-02  -1.4563E-03  -4.0761E-04
349 1.2635E+01  9.7103E-03  -1.4525E-03  -4.0597E-04
350 1.2670E+01  8.9648E-03  -1.4916E-03  -4.0031E-04
351 1.2705E+01  8.4646E-03  -1.4752E-03  -3.8918E-04
352 1.2740E+01  8.6481E-03  -1.4023E-03  -3.7108E-04
353 1.2775E+01  7.4076E-03  -1.3628E-03  -3.4135E-04
354 1.2810E+01  7.5292E-03  -1.2748E-03  -3.0012E-04
355 1.2845E+01  7.7449E-03  -1.1375E-03  -2.4573E-04
356 1.2880E+01  6.9633E-03  -9.6759E-04  -1.7704E-04
357 1.2915E+01  7.3471E-03  -6.4852E-04  -9.3891E-05
358 1.2950E+01  6.4873E-03  -3.0077E-04  5.8064E-06
359 1.2985E+01  7.3892E-03  1.2351E-04  1.2385E-04
360 1.3020E+01  7.2954E-03  6.2378E-04  2.5892E-04
361 1.3055E+01  6.4061E-03  1.1675E-03  4.0974E-04
362 1.3090E+01  6.8852E-03  1.8052E-03  5.7756E-04
363 1.3125E+01  6.9428E-03  2.5517E-03  7.5959E-04
364 1.3160E+01  7.6125E-03  3.3350E-03  9.5769E-04
365 1.3195E+01  7.7470E-03  4.1316E-03  1.1725E-03
366 1.3230E+01  7.4527E-03  5.0320E-03  1.4045E-03
367 1.3265E+01  7.2146E-03  5.9069E-03  1.6530E-03
368 1.3300E+01  8.0266E-03  6.8763E-03  1.9190E-03
369 1.3335E+01  8.1426E-03  7.9157E-03  2.2006E-03
370 1.3370E+01  8.8128E-03  9.0253E-03  2.4979E-03
371 1.3405E+01  8.1461E-03  1.0172E-02  2.8128E-03
372 1.3440E+01  9.2858E-03  1.1407E-02  3.1434E-03
373 1.3475E+01  8.3523E-03  1.2657E-02  3.4893E-03
374 1.3510E+01  8.6014E-03  1.3952E-02  3.8512E-03
375 1.3545E+01  8.6097E-03  1.5352E-02  4.2278E-03
376 1.3580E+01  1.0047E-02  1.6773E-02  4.6191E-03
377 1.3615E+01  1.0708E-02  1.8228E-02  5.0261E-03
378 1.3650E+01  1.0475E-02  1.9759E-02  5.4475E-03
379 1.3685E+01  1.1477E-02  2.1314E-02  5.8844E-03
380 1.3720E+01  1.1292E-02  2.2913E-02  6.3362E-03
381 1.3755E+01  1.2822E-02  2.4592E-02  6.8017E-03
382 1.3790E+01  1.2982E-02  2.6288E-02  7.2773E-03
383 1.3825E+01  1.3679E-02  2.8061E-02  7.7598E-03
384 1.3860E+01  1.4500E-02  2.9877E-02  8.2496E-03
385 1.3895E+01  1.4808E-02  3.1726E-02  8.7435E-03
386 1.3930E+01  1.5471E-02  3.3544E-02  9.2397E-03
387 1.3965E+01  1.6402E-02  3.5307E-02  9.7404E-03
388 1.4000E+01  1.5558E-02  3.7120E-02  1.0245E-02
389 1.4035E+01  1.6479E-02  3.8885E-02  1.0759E-02
390 1.4070E+01  1.7535E-02  4.0602E-02  1.1287E-02
391 1.4105E+01  1.9180E-02  4.2395E-02  1.1829E-02
392 1.4140E+01  1.8593E-02  4.4158E-02  1.2393E-02
393 1.4175E+01  2.0154E-02  4.6076E-02  1.2980E-02
394 1.4210E+01  2.0661E-02  4.8093E-02  1.3587E-02
395 1.4245E+01  2.1746E-02  5.0211E-02  1.4208E-02
396 1.4280E+01  2.2144E-02  5.2503E-02  1.4838E-02
397 1.4315E+01  2.1507E-02  5.4937E-02  1.5466E-02
398 1.4350E+01  2.3025E-02  5.7388E-02  1.6081E-02
399 1.4385E+01  2.4746E-02  5.9793E-02  1.6669E-02
400 1.4420E+01  2.4462E-02  6.2115E-02  1.7223E-02
401 1.4455E+01  2.4405E-02  6.4281E-02  1.7737E-02
402 1.4490E+01  2.5022E-02  6.6162E-02  1.8206E-02
403 1.4525E+01  2.6461E-02  6.7682E-02  1.8634E-02
404 1.4560E+01  2.6674E-02  6.8967E-02  1.9033E-02
405 1.4595E+01  2.7003E-02  6.9988E-02  1.9417E-02
406 1.4630E+01  2.7653E-02  7.0722E-02  1.9805E-02
407 1.4665E+01  2.7541E-02  7.1403E-02  2.0219E-02
408 1.4700E+01  2.8900E-02  7.2140E-02  2.0685E-02
409 1.4735E+01  2.9297E-02  7.3122E-02  2.1228E-02
410 1.4770E+01  3.0257E-02  7.4408E-02  2.1867E-02
411 1.4805E+01  3.0306E-02  7.6219E-02  2.2617E-02
412 1.4840E+01  3.1187E-02  7.8677E-02  2.3485E-02
413 1.4875E+01  3.2986E-02  8.1879E-02  2.4471E-02
414 1.4910E+01  3.5023E-02  8.5755E-02  2.5561E-02
415 1.4945E+01  3.6708E-02  9.0356E-02  2.6732E-02
416 1.4980E+01  3.7623E-02  9.5509E-02  2.7951E-02
417 1.5015E+01  3.9411E-02  1.0107E-01  2.9180E-02
418 1.5050E+01  4.0376E-02  1.0679E-01  3.0374E-02
419 1.5085E+01  4.2897E-02  1.1240E-01  3.1488E-02
420 1.5120E+01  4.2547E-02  1.1758E-01  3.2476E-02
421 1.5155E+01  4.3471E-02  1.2210E-01  3.3300E-02
422 1.5190E+01  4.3628E-02  1.2566E-01  3.3931E-02
423 1.5225E+01  4.3928E-02  1.2815E-01  3.4349E-02
424 1.5260E+01  4.4633E-02  1.2932E-01  3.4544E-02
425 1.5295E+01  4.3994E-02  1.2916E-01  3.4515E-02
426 1.5330E+01  4.3788E-02  1.2780E-01  3.4275E-02
427 1.5365E+01  4.3596E-02  1.2530E-01  3.3850E-02
428 1.5400E+01  4.2653E-02  1.2182E-01  3.3274E-02
429 1.5435E+01  4.2480E-02  1.1754E-01  3.2588E-02
430 1.5470E+01  4.0716E-02  1.1269E-01  3.1839E-02
431 1.5505E+01  3.9746E-02  1.0770E-01  3.1080E-02
432 1.5540E+01  3.9133E-02  1.0277E-01  3.0368E-02
433 1.5575E+01  3.8382E-02  9.8231E-02  2.9762E-02
434 1.5610E+01  3.7775E-02  9.4323E-02  2.9325E-02
435 1.5645E+01  3.8083E-02  9.1346E-02  2.9118E-02
436 1.5680E+01  3.7417E-02  8.9593E-02  2.9203E-02
437 1.5715E+01  3.8723E-02  8.9261E-02  2.9639E-02
438 1.5750E+01  3.9932E-02  9.0692E-02  3.0481E-02
439 1.5785E+01  4.2320E-02  9.4038E-02  3.1775E-02
440 1.5820E+01  4.3593E-02  9.9566E-02  3.3558E-02
441 1.5855E+01  4.7446E-02  1.0735E-01  3.5854E-02
442 1.5890E+01  5.0634E-02  1.1757E-01  3.8663E-02
443 1.5925E+01  5.4503E-02  1.3024E-01  4.1964E-02
444 1.5960E+01  5.9311E-02  1.4529E-01  4.5707E-02
445 1.5995E+01  6.4060E-02  1.6262E-01  4.9813E-02
446 1.6030E+01  6.8664E-02  1.8177E-01  5.4175E-02
447 1.6065E+01  7.3866E-02  2.0229E-01  5.8657E-02
448 1.6100E+01  7.8142E-02  2.2353E-01  6.3102E-02
449 1.6135E+01  8.2205E-02  2.4457E-01  6.7345E-02
450 1.6170E+01  8.7146E-02  2.6467E-01  7.1216E-02
451 1.6205E+01  8.9868E-02  2.8269E-01  7.4564E-02
452 1.6240E+01  9.3493E-02  2.9773E-01  7.7266E-02
453 1.6275E+01  9.4710E-02  3.0900E-01  7.9234E-02
454 1.6310E+01  9.4757E-02  3.1582E-01  8.0420E-02
455 1.6345E+01  9.5694E-02  3.1797E-01  8.0815E-02
456 1.6380E+01  9.3921E-02  3.1545E-01  8.0448E-02
457 1.6415E+01  9.2244E-02  3.0872E-01  7.9376E-02
458 1.6450E+01  9.0317E-02  2.9824E-01  7.7672E-02
459 1.6485E+01  8.7296E-02  2.8478E-01  7.5428E-02
460 1.6520E+01  8.4413E-02  2.6917E-01  7.2739E-02
461 1.6555E+01  8.0598E-02  2.5215E-01  6.9700E-02
462 1.6590E+01  7.6817E-02  2.3429E-01  6.6400E-02
463 1.6625E+01  7.3225E-02  2.1625E-01  6.2928E-02
464 1.6660E+01  6.9444E-02  1.9850E-01  5.9361E-02
465 1.6695E+01  6.5954E-02  1.8131E-01  5.5764E-02
466 1.6730E+01  6.1411E-02  1.6495E-01  5.2195E-02
467 1.6765E+01  5.7741E-02  1.4963E-01  4.8703E-02
468 1.6800E+01  5.6601E-02  1.3551E-01  4.5326E-02
469 1.6835E+01  5.2121E-02  1.2252E-01  4.2096E-02
470 1.6870E+01  4.9703E-02  1.1071E-01  3.9038E-02
471 1.6905E+01  4.7182E-02  1.0015E-01  3.6172E-02
472 1.6940E+01  4.4989E-02  9.0691E-02  3.3508E-02
473 1.6975E+01  4.3085E-02  8.2362E-02  3.1051E-02
474 1.7010E+01  3.9764E-02  7.5105E-02  2.8804E-02
475 1.7045E+01  3.7058E-02  6.8878E-02  2.6768E-02
476 1.7080E+01  3.5356E-02  6.3556E-02  2.4938E-02
477 1.7115E+01  3.3738E-02  5.9053E-02  2.3312E-02
478 1.7150E+01  3.2146E-02  5.5337E-02  2.1884E-02
479 1.7185E+01  3.0820E-02  5.2331E-02  2.0654E-02
480 1.7220E+01  2.9867E-02  4.9968E-02  1.9615E-02
481 1.7255E+01  2.9655E-02  4.8252E-02  1.8767E-02
482 1.7290E+01  2.7583E-02  4.7100E-02  1.8109E-02
483 1.7325E+01  2.7358E-02  4.6604E-02  1.7649E-02
484 1.7360E+01  2.7097E-02  4.6643E-02  1.7400E-02
485 1.7395E+01  2.6842E-02  4.7318E-02  1.7388E-02
486 1.7430E+01  2.6837E-02  4.8589E-02  1.7650E-02
487 1.7465E+01  2.7628E-02  5.0652E-02  1.8248E-02
488 1.7500E+01  2.7978E-02  5.3674E-02  1.9268E-02
489 1.7535E+01  2.9321E-02  5.7872E-02  2.0839E-02
490 1.7570E+01  3.1869E-02  6.3698E-02  2.3131E-02
491 1.7605E+01  3.4622E-02  7.1644E-02  2.6373E-02
492 1.7640E+01  3.9082E-02  8.2533E-02  3.0850E-02
493 1.7675E+01  4.5884E-02  9.7514E-02  3.6905E-02
494 1.7710E+01  5.3808E-02  1.1793E-01  4.4930E-02
495 1.7745E+01  6.2882E-02  1.4556E-01  5.5345E-02
496 1.7780E+01  7.5458E-02  1.8254E-01  6.8553E-02
497 1.7815E+01  8.9199E-02  2.3101E-01  8.4906E-02
498 1.7850E+01  1.0706E-01  2.9338E-01  1.0461E-01
499 1.7885E+01  1.2637E-01  3.7168E-01  1.2763E-01
500 1.7920E+01  1.4866E-01  4.6716E-01  1.5349E-01
501 1.7955E+01  1.7456E-01  5.8028E-01  1.8112E-01
502 1.7990E+01  2.0260E-01  7.0951E-01  2.0878E-01
503 1.8025E+01  2.3026E-01  8.5064E-01  2.3458E-01
504 1.8060E+01  2.5846E-01  9.9508E-01  2.5703E-01
505 1.8095E+01  2.8184E-01  1.1278E+00  2.7518E-01
506 1.8130E+01  2.9851E-01  1.2298E+00  2.8859E-01
507 1.8165E+01  3.0937E-01  1.2888E+00  2.9722E-01
508 1.8200E+01  3.1210E-01  1.3063E+00  3.0141E-01
509 1.8235E+01  3.0955E-01  1.2901E+00  3.0172E-01
510 1.8270E+01  3.0084E-01  1.2478E+00  2.9871E-01
511 1.8305E+01  2.9051E-01  1.1871E+00  2.9295E-01
512 1.8340E+01  2.7822E-01  1.1169E+00  2.8495E-01
513 1.8375E+01  2.6598E-01  1.0434E+00  2.7522E-01
514 1.8410E+01  2.5417E-01  9.6952E-01  2.6422E-01
515 1.8445E+01  2.4255E-01  8.9674E-01  2.5232E-01
516 1.8480E+01  2.3078E-01  8.2611E-01  2.3979E-01
517 1.8515E+01  2.1881E-01  7.5911E-01  2.2679E-01
518 1.8550E+01  2.0726E-01  6.9663E-01  2.1343E-01
519 1.8585E+01  1.9586E-01  6.3837E-01  1.9980E-01
520 1.8620E+01  1.8334E-01  5.8343E-01  1.8602E-01
521 1.8655E+01  1.7062E-01  5.3023E-01  1.7227E-01
522 1.8690E+01  1.5845E-01  4.7780E-01  1.5875E-01
523 1.8725E+01  1.4819E-01  4.2603E-01  1.4568E-01
524 1.8760E+01  1.3674E-01  3.7577E-01  1.3323E-01
525 1.8795E+01  1.2620E-01  3.2871E-01  1.2154E-01
526 1.8830E+01  1.1889E-01  2.8633E-01  1.1066E-01
527 1.8865E+01  1.0915E-01  2.4961E-01  1.0061E-01
528 1.8900E+01  1.0155E-01  2.1854E-01  9.1375E-02
529 1.8935E+01  9.4546E-02  1.9246E-01  8.2934E-02
530 1.8970E+01  8.8179E-02  1.7052E-01  7.5252E-02
531 1.9005E+01  8.1912E-02  1.5182E-01  6.8286E-02
532 1.9040E+01  7.7081E-02  1.3581E-01  6.1999E-02
533 1.9075E+01  7.0699E-02  1.2197E-01  5.6350E-02
534 1.9110E+01  6.8125E-02  1.1012E-01  5.1298E-02
535 1.9145E+01  6.2981E-02  9.9929E-02  4.6807E-02
536 1.9180E+01  5.9484E-02  9.1327E-02  4.2839E-02
537 1.9215E+01  5.6407E-02  8.4161E-02  3.9357E-02
538 1.9250E+01  5.4182E-02  7.8237E-02  3.6324E-02
539 1.9285E+01  5.2547E-02  7.3550E-02  3.3709E-02
540 1.9320E+01  5.0547E-02  6.9964E-02  3.1474E-02
541 1.9355E+01  4.8836E-02  6.7270E-02  2.9591E-02
542 1.9390E+01  4.7517E-02  6.5476E-02  2.8025E-02
543 1.9425E+01  4.5161E-02  6.4471E-02  2.6747E-02
544 1.9460E+01  4.4289E-02  6.4082E-02  2.5722E-02
545 1.9495E+01  4.3544E-02  6.4349E-02  2.4917E-02
546 1.9530E+01  4.2730E-02  6.5070E-02  2.4298E-02
547 1.9565E+01  4.2636E-02  6.6198E-02  2.3831E-02
548 1.9600E+01  4.2010E-02  6.7579E-02  2.3478E-02
549 1.9635E+01  4.0961E-02  6.9058E-02  2.3199E-02
550 1.9670E+01  4.1115E-02  7.0570E-02  2.2953E-02
551 1.9705E+01  3.9133E-02  7.2000E-02  2.2703E-02
552 1.9740E+01  3.8824E-02  7.3097E-02  2.2409E-02
553 1.9775E+01  3.8438E-02  7.3705E-02  2.2043E-02
554 1.9810E+01  3.7364E-02  7.3682E-02  2.1578E-02
555 1.9845E+01  3.6119E-02  7.2915E-02  2.1003E-02
556 1.9880E+01  3.4969E-02  7.1275E-02  2.0322E-02
557 1.9915E+01  3.4309E-02  6.8779E-02  1.9548E-02
558 1.9950E+01  3.2660E-02  6.5440E-02  1.8701E-02
559 1.9985E+01  3.1307E-02  6.1419E-02  1.7805E-02
560 2.0020E+01  3.0509E-02  5.7088E-02  1.6882E-02
561 2.0055E+01  2.8075E-02  5.2639E-02  1.5946E-02
562 2.0090E+01  2.7927E-02  4.8293E-02  1.5010E-02
563 2.0125E+01  2.5928E-02  4.4240E-02  1.4080E-02
564 2.0160E+01  2.5165E-02  4.0526E-02  1.3162E-02
565 2.0195E+01  2.3692E-02  3.7023E-02  1.2260E-02
566 2.0230E+01  2.2261E-02  3.3793E-02  1.1375E-02
567 2.0265E+01  2.1691E-02  3.0703E-02  1.0512E-02
568 2.0300E+01  2.0283E-02  2.7807E-02  9.6753E-03
569 2.0335E+01  1.8202E-02  2.4983E-02  8.8688E-03
570 2.0370E+01  1.7704E-02  2.2289E-02  8.0959E-03
571 2.0405E+01  1.6595E-02  1.9709E-02  7.3645E-03
572 2.0440E+01  1.5578E-02  1.7336E-02  6.6800E-03
573 2.0475E+01  1.5762E-02  1.5135E-02  6.0431E-03
574 2.0510E+01  1.3794E-02  1.3086E-02  5.4548E-03
575 2.0545E+01  1.3344E-02  1.1341E-02  4.9169E-03
576 2.0580E+01  1.3001E-02  9.8699E-03  4.4291E-03
577 2.0615E+01  1.0904E-02  8.5776E-03  3.9867E-03
578 2.0650E+01  9.8150E-03  7.4684E-03  3.5880E-03
579 2.0685E+01  1.0473E-02  6.5649E-03  3.2301E-03
580 2.0720E+01  9.3116E-03  5.8571E-03  2.9123E-03
581 2.0755E+01  9.1539E-03  5.1950E-03  2.6286E-03
582 2.0790E+01  8.2736E-03  4.6624E-03  2.3776E-03
583 2.0825E+01  7.7738E-03  4.2005E-03  2.1543E-03
584 2.0860E+01  7.7132E-03  3.8876E-03  1.9584E-03
585 2.0895E+01  7.2906E-03  3.5584E-03  1.7852E-03
586 2.0930E+01  6.5003E-03  3.3324E-03  1.6318E-03
587 2.0965E+01  5.2546E-03  3.0862E-03  1.4972E-03
588 2.1000E+01  6.1391E-03  2.9470E-03  1.3791E-03
589 2.1035E+01  5.3477E-03  2.7890E-03  1.2764E-03
590 2.1070E+01  5.2022E-03  2.6411E-03  1.1846E-03
591 2.1105E+01  5.4528E-03  2.5414E-03  1.1034E-03
592 2.1140E+01  5.7851E-03  2.4460E-03  1.0308E-03
593 2.1175E+01  4.7472E-03  2.4041E-03  9.6758E-04
594 2.1210E+01  3.7143E-03  2.2945E-03  9.1131E-04
595 2.1245E+01  3.8934E-03  2.2247E-03  8.6204E-04
596 2.1280E+01  3.6040E-03  2.1341E-03  8.1917E-04
597 2.1315E+01  3.5990E-03  2.1043E-03  7.8000E-04
598 2.1350E+01  3.1139E-03  2.0423E-03  7.4419E-04
599 2.1385E+01  3.9082E-03  2.0059E-03  7.1082E-04
600 2.1420E+01  2.1744E-03  1.9917E-03  6.7886E-04
601 2.1455E+01  3.1865E-03  1.9287E-03  6.4919E-04
602 2.1490E+01  2.3841E-03  1.8727E-03  6.2138E-04
603 2.1525E+01  2.0991E-03  1.8103E-03  5.9419E-04
604 2.1560E+01  2.1426E-03  1.7240E-03  5.6866E-04
605 2.1595E+01  2.1460E-03  1.6663E-03  5.4472E-04
606 2.1630E+01  2.0006E-03  1.6124E-03  5.2072E-04
607 2.1665E+01  1.7286E-03  1.5263E-03  4.9731E-04
608 2.1700E+01  1.2833E-03  1.4686E-03  4.7536E-04
609 2.1735E+01  2.1070E-03  1.4233E-03  4.5255E-04
610 2.1770E+01  1.4086E-03  1.3378E-03  4.3076E-04
611 2.1805E+01  1.6239E-03  1.2617E-03  4.0780E-04
612 2.1840E+01  2.5544E-03  1.2255E-03  3.8663E-04
613 2.1875E+01  1.4667E-03  1.1200E-03  3.6546E-04
614 2.1910E+01  1.1388E-03  1.0765E-03  3.4338E-04
615 2.1945E+01  1.0329E-03  9.6116E-04  3.2243E-04
616 2.1980E+01  9.7548E-04  9.2830E-04  3.0246E-04
617 2.2015E+01  1.3601E-03  8.6157E-04  2.8370E-04
618 2.2050E+01  6.8653E-04  7.5951E-04  2.6592E-04
619 2.2085E+01  8.4460E-04  7.0943E-04  2.4749E-04
620 2.2120E+01  1.5710E-03  6.5816E-04  2.3016E-04
621 2.2155E+01  7.1140E-04  6.1541E-04  2.1324E-04
622 2.2190E+01  1.4472E-03  5.8152E-04  1.9652E-04
623 2.2225E+01  1.3833E-03  4.9785E-04  1.8140E-04
624 2.2260E+01  9.2024E-04  4.6169E-04  1.6777E-04
625 2.2295E+01  1.9167E-03  4.1317E-04  1.5550E-04
626 2.2330E+01  7.3895E-04  3.5345E-04  1.4265E-04
627 2.2365E+01  2.6679E-04  3.3225E-04  1.3159E-04
628 2.2400E+01  -6.1968E-04  3.1189E-04  1.2124E-04
629 2.2435E+01  2.3421E-04  3.0591E-04  1.1117E-04
630 2.2470E+01  -3.1993E-04  2.3999E-04  1.0013E-04
631 2.2505E+01  9.2442E-04  2.4017E-04  9.0336E-05
632 2.2540E+01  1.6720E-04  2.1857E-04  8.2119E-05
633 2.2575E+01  9.6016E-04  1.9659E-04  7.4729E-05
634 2.2610E+01  -6.7240E-05  1.3183E-04  6.9354E-05
635 2.2645E+01  1.1687E-03  1.1911E-04  6.3977E-05
636 2.2680E+01  -7.0240E-05  1.2525E-04  5.7968E-05
637 2.2715E+01  8.5427E-04  1.0848E-04  5.2964E-05
638 2.2750E+01  6.8567E-04  1.3575E-04  4.7859E-05
639 2.2785E+01  8.6422E-04  1.2193E-04  4.4604E-05
640 2.2820E+01  3.6418E-04  8.1042E-05  4.1307E-05
641 2.2855E+01  -2.2467E-04  8.9727E-05  3.8347E-05
642 2.2890E+01  4.3094E-04  6.0015E-05  3.5912E-05
643 2.2925E+01  4.2937E-04  9.2078E-05  3.3763E-05
644 2.2960E+01  6.9485E-04  7.8586E-05  3.1863E-05
645 2.2995E+01  1.4342E-03  7.3761E-05  3.0166E-05
646 2.3030E+01  -3.5736E-04  7.6166E-05  2.6910E-05
647 2.3065E+01  1.6352E-04  7.4688E-05  2.3580E-05
648 2.3100E+01  1.3640E-05  7.1219E-05  2.1004E-05
649 2.3135E+01  -7.1994E-04  7.8283E-05  2.0461E-05
650 2.3170E+01  1.2650E-05  3.2069E-05  2.0067E-05
651 2.3205E+01  5.5245E-04  1.7220E-05  2.1426E-05
652 2.3240E+01  1.8198E-04  1.4735E-05  2.2475E-05
653 2.3275E+01  -7.2671E-04  6.0896E-05  2.2564E-05
654 2.3310E+01  -8.8959E-04  5.3312E-05  2.0104E-05
655 2.3345E+01  -4.5651E-04  9.9552E-05  1.8142E-05
656 2.3380E+01  -2.7469E-04  9.8233E-05  1.6703E-05
657 2.3415E+01  -2.6381E-04  9.0391E-05  1.4404E-05
658 2.3450E+01  1.2761E-04  2.1386E-05  1.2132E-05
659 2.3485E+01  -6.8332E-04  2.2407E-05  9.1924E-06
660 2.3520E+01  1.8055E-04  3.4381E-05  7.3493E-06
661 2.3555E+01  3.0836E-04  5.6426E-06  5.9495E-06
662 2.3590E+01  1.1008E-03  3.1279E-06  2.9817E-06
663 2.3625E+01  -4.2253E-04  -2.7345E-05  -5.5029E-07
664 2.3660E+01  -3.2886E-04  -1.2279E-05  -3.5635E-06
665 2.3695E+01  7.8672E-04  8.9089E-07  -5.0072E-06
666 2.3730E+01  -7.7942E-04  -4.2161E-05  -7.7204E-06
667 2.3765E+01  -1.2049E-04  -6.7963E-05  -9.7495E-06
668 2.3800E+01  3.8031E-04  -7.6130E-05  -1.0593E-05
669 2.3835E+01  -4.1545E-04  -3.7673E-05  -1.2877E-05
670 2.3870E+01  -3.6793E-04  -7.8182E-05  -1.3708E-05
671 2.3905E+01  -2.5251E-04  -7.7443E-05  -1.2358E-05
672 2.3940E+01  -4.0270E-04  -4.4205E-05  -1.0840E-05
673 2.3975E+01  -2.8307E-04  -9.0461E-05  -4.9697E-06
674 2.4010E+01  -5.3842E-04  -7.2231E-05  1.7627E-06
675 2.4045E+01  -6.4862E-04  -1.3759E-05  8.4139E-06
676 2.4080E+01  -3.9260E-04  -2.7014E-05  1.6267E-05
677 2.4115E+01  1.9117E-04  8.8252E-05  2.3930E-05
678 2.4150E+01  2.5740E-05  1.3273E-04  3.0684E-05
679 2.4185E+01  -3.1575E-04  1.4703E-04  3.7600E-05
680 2.4220E+01  -2.9266E-04  2.0138E-04  4.4083E-05
681 2.4255E+01  -9.4430E-05  2.2811E-04  4.9052E-05
682 2.4290E+01  0.0000E+00  2.2909E-04  5.4120E-05
683 2.4325E+01  -4.7449E-04  2.5692E-04  5.6853E-05
684 2.4360E+01  -3.7450E-04  2.7751E-04  5.6275E-05
685 2.4395E+01  1.8462E-04  2.5715E-04  5.5112E-05
686 2.4430E+01  1.9739E-04  2.8563E-04  5.2289E-05
687 2.4465E+01  3.4452E-04  2.5851E-04  4.8255E-05
688 2.4500E+01  8.2610E-05  1.8173E-04  4.3073E-05
689 2.4535E+01  -8.9024E-04  1.7223E-04  3.9482E-05
690 2.4570E+01  3.4240E-04  1.2919E-04  3.4457E-05
691 2.4605E+01  9.1850E-05  9.5724E-05  2.8496E-05
692 2.4640E+01  3.9210E-04  4.1749E-05  2.1608E-05
693 2.4675E+01  -7.0585E-04  7.3058E-05  1.3903E-05
694 2.4710E+01  -5.2544E-04  2.7086E-05  5.8150E-06
695 2.4745E+01  -5.3227E-04  -1.0539E-05  -1.2797E-06
696 2.4780E+01  4.2645E-04  -5.1572E-05  -8.6361E-06
697 2.4815E+01  -1.1724E-03  -9.3362E-05  -1.5060E-05
698 2.4850E+01  4.5357E-04  -1.3545E-04  -2.1110E-05
699 2.4885E+01  -9.1176E-04  -1.3444E-04  -2.9429E-05
700 2.4920E+01  2.7649E-04  -1.6945E-04  -3.5120E-05
701 2.4955E+01  2.3371E-04  -1.7483E-04  -4.1070E-05
702 2.4990E+01  1.4320E-04  -1.7170E-04  -4.6533E-05
703 2.5025E+01  1.2753E-04  -2.6672E-04  -5.2222E-05
704 2.5060E+01  -3.3612E-04  -2.2348E-04  -5.6792E-05
705 2.5095E+01  -5.5105E-04  -2.5278E-04  -6.2561E-05
706 2.5130E+01  6.6300E-05  -2.5745E-04  -6.7916E-05
707 2.5165E+01  -1.0378E-04  -2.8926E-04  -7.1320E-05
708 2.5200E+01  2.6075E-04  -2.7260E-04  -7.4763E-05
709 2.5235E+01  -1.3987E-04  -3.1985E-04  -7.6044E-05
710 2.5270E+01  -7.9075E-04  -3.3939E-04  -7.6371E-05
711 2.5305E+01  -3.2633E-04  -3.0370E-04  -7.7320E-05
712 2.5340E+01  -7.3081E-04  -3.2662E-04  -7.6613E-05
713 2.5375E+01  3.3437E-04  -2.8730E-04  -7.6262E-05
714 2.5410E+01  3.6469E-04  -2.6124E-04  -7.5618E-05
715 2.5445E+01  4.6640E-04  -2.8803E-04  -7.3175E-05
716 2.5480E+01  1.8316E-04  -2.4558E-04  -6.9153E-05
717 2.5515E+01  -2.2861E-04  -2.5253E-04  -6.4138E-05
718 2.5550E+01  3.9179E-04  -2.5161E-04  -5.6244E-05
719 2.5585E+01  8.9141E-04  -2.0982E-04  -4.7853E-05
720 2.5620E+01  -3.6980E-04  -1.6208E-04  -3.8916E-05
721 2.5655E+01  1.4195E-04  -1.3711E-04  -3.0136E-05
722 2.5690E+01  7.6896E-04  -4.5980E-05  -2.1707E-05
723 2.5725E+01  1.3729E-04  -9.0613E-06  -1.3378E-05
724 2.5760E+01  5.3670E-05  3.4381E-05  -5.3783E-06
725 2.5795E+01  -1.1680E-05  6.2355E-05  8.9128E-07
726 2.5830E+01  -6.7977E-04  8.3534E-05  9.0782E-06
727 2.5865E+01  -5.1054E-04  1.0904E-04  1.6446E-05
728 2.5900E+01  -1.0785E-03  1.3998E-04  1.9914E-05
729 2.5935E+01  -2.8391E-04  1.1109E-04  2.2740E-05
730 2.5970E+01  1.2831E-03  1.8341E-04  2.5260E-05
731 2.6005E+01  4.7424E-04  2.0973E-04  2.5883E-05
732 2.6040E+01  5.5503E-04  1.3507E-04  2.3862E-05
733 2.6075E+01  2.1290E-05  1.3000E-04  2.0928E-05
734 2.6110E+01  1.0854E-03  1.3894E-04  1.7035E-05
735 2.6145E+01  2.0565E-04  1.1075E-04  1.3433E-05
736 2.6180E+01  -1.5522E-04  4.6660E-05  8.3797E-06
737 2.6215E+01  5.2754E-04  2.1366E-05  2.3052E-06
738 2.6250E+01  2.6350E-05  -1.6903E-05  -4.4948E-06
739 2.6285E+01  6.2309E-04  -1.5675E-05  -1.2010E-05
740 2.6320E+01  -7.8520E-05  -6.1395E-05  -1.8011E-05
741 2.6355E+01  3.8046E-04  -1.0281E-04  -2.4198E-05
742 2.6390E+01  -3.5221E-04  -1.3715E-04  -3.0356E-05
743 2.6425E+01  -1.9722E-04  -1.8747E-04  -3.6169E-05
744 2.6460E+01  4.3650E-05  -1.7191E-04  -3.9991E-05
745 2.6495E+01  -3.2985E-04  -1.9753E-04  -4.4935E-05
746 2.6530E+01  -2.9000E-07  -2.1719E-04  -4.9044E-05
747 2.6565E+01  -6.6298E-04  -2.4101E-04  -5.2097E-05
748 2.6600E+01  4.4813E-04  -2.0138E-04  -5.4167E-05
749 2.6635E+01  5.7572E-04  -2.4762E-04  -5.6604E-05
750 2.6670E+01  1.0737E-04  -2.4685E-04  -5.8928E-05
751 2.6705E+01  -1.1505E-03  -2.3852E-04  -6.0431E-05
752 2.6740E+01  -3.2499E-04  -2.2102E-04  -6.3268E-05
753 2.6775E+01  -9.8290E-05  -2.3723E-04  -6.6375E-05
754 2.6810E+01  -2.1363E-04  -2.4834E-04  -7.0812E-05
755 2.6845E+01  1.5618E-04  -2.2744E-04  -7.5808E-05
756 2.6880E+01  4.8918E-04  -2.6768E-04  -8.1859E-05
757 2.6915E+01  -5.5665E-04  -2.7782E-04  -8.9681E-05
758 2.6950E+01  -9.4919E-04  -3.2142E-04  -1.0109E-04
759 2.6985E+01  2.5500E-04  -3.4693E-04  -1.1588E-04
760 2.7020E+01  -3.3954E-04  -3.8556E-04  -1.3433E-04
761 2.7055E+01  8.9089E-04  -4.3686E-04  -1.5822E-04
762 2.7090E+01  -1.7842E-04  -5.4299E-04  -1.8620E-04
763 2.7125E+01  -6.4077E-04  -6.5685E-04  -2.1874E-04
764 2.7160E+01  3.8591E-04  -7.7849E-04  -2.5544E-04
765 2.7195E+01  -1.1350E-03  -9.6714E-04  -2.9667E-04
766 2.7230E+01  3.2838E-04  -1.1359E-03  -3.4052E-04
767 2.7265E+01  -4.3157E-04  -1.3335E-03  -3.8606E-04
768 2.7300E+01  4.1495E-04  -1.5324E-03  -4.3014E-04
769 2.7335E+01  8.1828E-04  -1.7648E-03  -4.7273E-04
770 2.7370E+01  3.2659E-04  -1.9637E-03  -5.1044E-04
771 2.7405E+01  -2.4851E-04  -2.1648E-03  -5.4333E-04
772 2.7440E+01  -6.7092E-04  -2.2839E-03  -5.7033E-04
773 2.7475E+01  5.1856E-04  -2.4165E-03  -5.9225E-04
774 2.7510E+01  -1.0417E-03  -2.4526E-03  -6.0822E-04
775 2.7545E+01  -3.1030E-04  -2.4801E-03  -6.1674E-04
776 2.7580E+01  -3.7285E-04  -2.4583E-03  -6.2107E-04
777 2.7615E+01  -1.5633E-04  -2.4402E-03  -6.1900E-04
778 2.7650E+01  1.2208E-04  -2.3936E-03  -6.1157E-04
779 2.7685E+01  -7.5469E-04  -2.2676E-03  -5.9782E-04
780 2.7720E+01  6.9911E-04  -2.2151E-03  -5.7997E-04
781 2.7755E+01  -1.2300E-03  -2.0833E-03  -5.5705E-04
782 2.7790E+01  1.9320E-05  -1.9647E-03  -5.2944E-04
783 2.7825E+01  -4.2797E-04  -1.7895E-03  -4.9548E-04
784 2.7860E+01  -4.3838E-04  -1.6577E-03  -4.5445E-04
785 2.7895E+01  -1.0630E-03  -1.4827E-03  -4.0679E-04
786 2.7930E+01  -3.4413E-04  -1.3080E-03  -3.5254E-04
787 2.7965E+01  7.0312E-04  -1.0782E-03  -2.9181E-04
788 2.8000E+01  -1.2227E-03  -8.0551E-04  -2.2457E-04
789 2.8035E+01  -2.8623E-04  -5.2027E-04  -1.5358E-04
790 2.8070E+01  -1.5942E-04  -2.1224E-04  -7.8856E-05
791 2.8105E+01  -6.5206E-04  1.1167E-04  -1.3980E-06
792 2.8140E+01  -4.4209E-04  4.7397E-04  7.6777E-05
793 2.8175E+01  -9.4493E-04  7.8389E-04  1.5059E-04
794 2.8210E+01  -5.4996E-04  1.1110E-03  2.1994E-04
795 2.8245E+01  8.0990E-04  1.4292E-03  2.8116E-04
796 2.8280E+01  -6.1905E-04  1.7313E-03  3.3373E-04
797 2.8315E+01  1.1376E-04  1.8981E-03  3.7699E-04
798 2.8350E+01  -7.5834E-04  2.0668E-03  4.1120E-04
799 2.8385E+01  2.6977E-04  2.1252E-03  4.3628E-04
800 2.8420E+01  -6.8813E-04  2.1464E-03  4.5292E-04
801 2.8455E+01  -9.4244E-04  2.1184E-03  4.5957E-04
802 2.8490E+01  1.8044E-04  2.0679E-03  4.5761E-04
803 2.8525E+01  -4.4932E-04  1.9785E-03  4.4772E-04
804 2.8560E+01  -5.1963E-04  1.8861E-03  4.3234E-04
805 2.8595E+01  -2.3280E-04  1.7172E-03  4.1348E-04
806 2.8630E+01  -6.4985E-04  1.5489E-03  3.8909E-04
807 2.8665E+01  -3.4683E-04  1.3593E-03  3.6352E-04
808 2.8700E+01  3.9788E-04  1.1935E-03  3.3410E-04
809 2.8735E+01  -6.8920E-05  1.0779E-03  3.0279E-04
810 2.8770E+01  -9.2752E-04  8.7027E-04  2.7194E-04
811 2.8805E+01  -1.8374E-04  7.7493E-04  2.4036E-04
812 2.8840E+01  -3.1640E-05  5.9676E-04  2.0898E-04
813 2.8875E+01  -3.0609E-04  4.4346E-04  1.8011E-04
814 2.8910E+01  -2.8855E-04  3.5294E-04  1.5239E-04
815 2.8945E+01  6.9178E-04  2.3037E-04  1.2635E-04
816 2.8980E+01  -6.1898E-04  1.1542E-04  1.0031E-04
817 2.9015E+01  -6.3064E-04  7.1126E-05  7.6395E-05
818 2.9050E+01  -4.7886E-04  -5.9598E-06  5.4176E-05
819 2.9085E+01  -1.9543E-04  -5.3940E-05  3.3757E-05
820 2.9120E+01  2.5158E-04  -1.5226E-04  1.6272E-05
821 2.9155E+01  -2.0914E-04  -1.9214E-04  1.3379E-06
822 2.9190E+01  -1.2693E-03  -2.3557E-04  -1.1477E-05
823 2.9225E+01  -3.9894E-04  -2.7690E-04  -2.4461E-05
824 2.9260E+01  -4.8410E-05  -2.7996E-04  -3.5993E-05
825 2.9295E+01  -1.4449E-04  -2.8376E-04  -4.7834E-05
826 2.9330E+01  -1.0705E-03  -2.7582E-04  -5.7165E-05
827 2.9365E+01  -1.6126E-03  -3.3242E-04  -6.5333E-05
828 2.9400E+01  -2.4550E-04  -3.3399E-04  -7.2528E-05
829 2.9435E+01  3.4165E-04  -3.9365E-04  -7.9240E-05
830 2.9470E+01  -2.6127E-04  -3.7279E-04  -8.5730E-05
831 2.9505E+01  -1.0102E-03  -3.7831E-04  -9.0362E-05
832 2.9540E+01  -7.3534E-04  -3.8311E-04  -9.5578E-05
833 2.9575E+01  8.5236E-04  -3.9376E-04  -1.0094E-04
834 2.9610E+01  1.7500E-04  -4.2114E-04  -1.0409E-04
835 2.9645E+01  -2.7863E-04  -3.9143E-04  -1.0503E-04
836 2.9680E+01  -5.1374E-04  -4.1994E-04  -1.0789E-04
837 2.9715E+01  -4.3221E-04  -4.5046E-04  -1.1016E-04
838 2.9750E+01  -6.6584E-04  -4.2419E-04  -1.1208E-04
839 2.9785E+01  -1.7363E-04  -3.6542E-04  -1.1228E-04
840 2.9820E+01  -9.6855E-04  -4.2240E-04  -1.1232E-04
841 2.9855E+01  -1.9685E-04  -4.1650E-04  -1.1218E-04
842 2.9890E+01  -2.6903E-04  -4.2400E-04  -1.1208E-04
843 2.9925E+01  -1.8594E-04  -3.8537E-04  -1.1063E-04
844 2.9960E+01  -1.0293E-03  -3.8311E-04  -1.0951E-04
845 2.9995E+01  -5.6681E-04  -3.7674E-04  -1.0822E-04
846 3.0030E+01  -1.5723E-04  -3.8464E-04  -1.0688E-04
847 3.0065E+01  -6.2306E-04  -3.4700E-04  -1.0618E-04
848 3.0100E+01  -4.4400E-06  -3.5118E-04  -1.0490E-04
849 3.0135E+01  4.2926E-04  -3.4409E-04  -1.0326E-04
850 3.0170E+01  -2.3654E-04  -3.3410E-04  -1.0209E-04
851 3.0205E+01  -1.0980E-03  -3.4945E-04  -1.0078E-04
852 3.0240E+01  -3.4976E-04  -3.3399E-04  -9.7752E-05
853 3.0275E+01  2.1230E-05  -3.1770E-04  -9.4887E-05
854 3.0310E+01  3.9643E-04  -3.2365E-04  -9.2111E-05
855 3.0345E+01  3.3914E-04  -3.2522E-04  -8.7933E-05
856 3.0380E+01  -2.5013E-04  -2.7505E-04  -8.4519E-05
857 3.0415E+01  -8.4260E-04  -2.6699E-04  -8.3264E-05
858 3.0450E+01  -4.7254E-04  -2.6750E-04  -8.2014E-05
859 3.0485E+01  -1.1956E-03  -2.1930E-04  -8.1562E-05
860 3.0520E+01  -8.9696E-04  -2.1366E-04  -8.0395E-05
861 3.0555E+01  -1.7210E-05  -2.6010E-04  -7.8262E-05
862 3.0590E+01  -7.4249E-04  -2.5119E-04  -7.6142E-05
863 3.0625E+01  -7.0999E-04  -2.7093E-04  -7.5217E-05
864 3.0660E+01  -1.0532E-04  -2.5540E-04  -7.3693E-05
865 3.0695E+01  -5.4797E-04  -2.2731E-04  -7.3480E-05
866 3.0730E+01  -6.7437E-04  -2.1313E-04  -7.3314E-05
867 3.0765E+01  1.1479E-04  -2.4220E-04  -7.3640E-05
868 3.0800E+01  -8.2972E-04  -2.1611E-04  -7.3122E-05
869 3.0835E+01  -7.9172E-04  -2.4607E-04  -7.2435E-05
870 3.0870E+01  -6.6360E-05  -2.4316E-04  -7.3059E-05
871 3.0905E+01  -4.1196E-04  -2.5969E-04  -7.4207E-05
872 3.0940E+01  1.3188E-04  -2.4067E-04  -7.4815E-05
873 3.0975E+01  1.9520E-05  -2.2820E-04  -7.7552E-05
874 3.1010E+01  -7.2862E-04  -2.5667E-04  -7.9703E-05
875 3.1045E+01  1.1254E-04  -2.7801E-04  -8.2525E-05
876 3.1080E+01  -4.0343E-04  -2.5540E-04  -8.5027E-05
877 3.1115E+01  -1.6144E-04  -3.1774E-04  -8.7573E-05
878 3.1150E+01  -4.8808E-04  -3.0764E-04  -9.1008E-05
879 3.1185E+01  -7.2523E-04  -3.3421E-04  -9.2718E-05
880 3.1220E+01  -4.5050E-04  -3.3645E-04  -9.4690E-05
881 3.1255E+01  -3.5192E-04  -3.3944E-04  -9.6443E-05
882 3.1290E+01  -3.2082E-04  -3.8111E-04  -9.6927E-05
883 3.1325E+01  -8.5859E-04  -3.4574E-04  -9.6572E-05
884 3.1360E+01  -6.5494E-04  -3.5855E-04  -9.8114E-05
885 3.1395E+01  -9.2469E-04  -3.6490E-04  -9.9161E-05
886 3.1430E+01  -1.0521E-03  -3.4393E-04  -9.9394E-05
887 3.1465E+01  -1.3852E-03  -3.1292E-04  -1.0051E-04
888 3.1500E+01  -3.9136E-04  -3.6346E-04  -1.0218E-04
889 3.1535E+01  -3.2427E-04  -3.6077E-04  -1.0318E-04
890 3.1570E+01  -6.8361E-04  -3.3879E-04  -1.0358E-04
891 3.1605E+01  -1.3783E-03  -3.5949E-04  -1.0508E-04
892 3.1640E+01  -1.7451E-04  -3.8065E-04  -1.0674E-04
893 3.1675E+01  -1.8617E-04  -3.7281E-04  -1.0831E-04
894 3.1710E+01  -7.0376E-04  -3.5460E-04  -1.0888E-04
895 3.1745E+01  -6.1773E-04  -3.8460E-04  -1.1035E-04
896 3.1780E+01  -4.9507E-04  -3.9293E-04  -1.1112E-04
897 3.1815E+01  -1.4695E-03  -4.0248E-04  -1.0833E-04
898 3.1850E+01  -4.4612E-04  -3.7625E-04  -9.2017E-05
899 3.1885E+01  -8.6745E-04  -4.0466E-04  -7.8160E-05
900 3.1920E+01  -4.3497E-04  -3.9539E-04  -6.6390E-05
901 3.1955E+01  -4.2722E-04  -3.7825E-04  -5.6391E-05
