1.400e-01 2.501e+00 
5.600e-01 -5.069e-03 
 
1.750e-01 2.500e+00 
5.950e-01 -4.884e-03 
 
2.100e-01 2.501e+00 
6.300e-01 -4.457e-03 
 
2.450e-01 2.501e+00 
6.650e-01 -4.057e-03 
 
2.800e-01 2.500e+00 
6.650e-01 -4.057e-03 
 
3.150e-01 2.501e+00 
6.650e-01 -4.057e-03 
 
3.500e-01 2.500e+00 
6.650e-01 -4.057e-03 
 
3.850e-01 2.501e+00 
7.000e-01 -4.131e-03 
 
4.200e-01 2.502e+00 
7.000e-01 -4.131e-03 
 
4.550e-01 2.501e+00 
7.350e-01 -4.352e-03 
 
4.900e-01 2.501e+00 
7.700e-01 -4.576e-03 
 
5.250e-01 2.501e+00 
8.050e-01 -4.685e-03 
 
5.600e-01 2.501e+00 
8.400e-01 -4.747e-03 
 
5.600e-01 2.501e+00 
8.750e-01 -4.854e-03 
 
5.600e-01 2.501e+00 
9.100e-01 -4.915e-03 
 
5.600e-01 2.501e+00 
9.450e-01 -4.980e-03 
 
5.600e-01 2.501e+00 
9.800e-01 -4.980e-03 
 
5.600e-01 2.501e+00 
1.015e+00 -4.948e-03 
 
5.600e-01 2.501e+00 
1.050e+00 -4.973e-03 
 
5.600e-01 2.501e+00 
1.085e+00 -4.980e-03 
 
5.600e-01 2.501e+00 
1.120e+00 -4.963e-03 
 
5.950e-01 2.500e+00 
1.155e+00 -4.958e-03 
 
6.300e-01 2.501e+00 
1.190e+00 -4.945e-03 
 
6.650e-01 2.500e+00 
1.225e+00 -4.936e-03 
 
7.000e-01 2.501e+00 
1.260e+00 -4.951e-03 
 
7.350e-01 2.501e+00 
1.295e+00 -4.899e-03 
 
7.350e-01 2.501e+00 
1.330e+00 -4.942e-03 
 
7.350e-01 2.501e+00 
1.365e+00 -4.898e-03 
 
7.350e-01 2.501e+00 
1.400e+00 -4.845e-03 
 
7.350e-01 2.501e+00 
1.435e+00 -4.887e-03 
 
7.350e-01 2.501e+00 
1.470e+00 -4.885e-03 
 
7.350e-01 2.501e+00 
1.505e+00 -4.839e-03 
 
7.350e-01 2.501e+00 
1.540e+00 -4.818e-03 
 
7.350e-01 2.501e+00 
1.575e+00 -4.825e-03 
 
7.350e-01 2.501e+00 
1.610e+00 -4.785e-03 
 
7.350e-01 2.501e+00 
1.645e+00 -4.785e-03 
 
7.350e-01 2.501e+00 
1.680e+00 -4.735e-03 
 
7.350e-01 2.501e+00 
1.715e+00 -4.754e-03 
 
7.350e-01 2.501e+00 
1.750e+00 -4.751e-03 
 
7.350e-01 2.501e+00 
1.785e+00 -4.715e-03 
 
7.350e-01 2.501e+00 
1.820e+00 -4.700e-03 
 
7.350e-01 2.501e+00 
1.855e+00 -4.672e-03 
 
7.350e-01 2.501e+00 
1.890e+00 -4.663e-03 
 
7.350e-01 2.501e+00 
1.925e+00 -4.645e-03 
 
7.350e-01 2.501e+00 
1.960e+00 -4.624e-03 
 
7.350e-01 2.501e+00 
1.995e+00 -4.597e-03 
 
7.350e-01 2.501e+00 
2.030e+00 -4.553e-03 
 
7.350e-01 2.501e+00 
2.065e+00 -4.563e-03 
 
7.350e-01 2.501e+00 
2.100e+00 -4.556e-03 
 
7.350e-01 2.501e+00 
2.135e+00 -4.507e-03 
 
7.350e-01 2.501e+00 
2.170e+00 -4.519e-03 
 
7.350e-01 2.501e+00 
2.205e+00 -4.477e-03 
 
7.350e-01 2.501e+00 
2.240e+00 -4.447e-03 
 
7.350e-01 2.501e+00 
2.275e+00 -4.428e-03 
 
7.350e-01 2.501e+00 
2.310e+00 -4.399e-03 
 
7.350e-01 2.501e+00 
2.345e+00 -4.419e-03 
 
7.350e-01 2.501e+00 
2.380e+00 -4.391e-03 
 
7.350e-01 2.501e+00 
2.415e+00 -4.332e-03 
 
7.350e-01 2.501e+00 
2.450e+00 -4.329e-03 
 
7.350e-01 2.501e+00 
2.485e+00 -4.318e-03 
 
7.350e-01 2.501e+00 
2.520e+00 -4.312e-03 
 
7.350e-01 2.501e+00 
2.555e+00 -4.308e-03 
 
7.350e-01 2.501e+00 
2.590e+00 -4.268e-03 
 
7.350e-01 2.501e+00 
2.625e+00 -4.227e-03 
 
7.350e-01 2.501e+00 
2.660e+00 -4.234e-03 
 
7.350e-01 2.501e+00 
2.695e+00 -4.234e-03 
 
7.350e-01 2.501e+00 
2.730e+00 -4.194e-03 
 
7.350e-01 2.501e+00 
2.765e+00 -4.162e-03 
 
7.350e-01 2.501e+00 
2.800e+00 -4.150e-03 
 
7.350e-01 2.501e+00 
2.835e+00 -4.125e-03 
 
7.350e-01 2.501e+00 
2.870e+00 -4.098e-03 
 
7.350e-01 2.501e+00 
2.905e+00 -4.087e-03 
 
7.350e-01 2.501e+00 
2.940e+00 -4.059e-03 
 
7.350e-01 2.501e+00 
2.975e+00 -4.012e-03 
 
7.350e-01 2.501e+00 
3.010e+00 -3.944e-03 
 
7.350e-01 2.501e+00 
3.045e+00 -3.928e-03 
 
7.350e-01 2.501e+00 
3.080e+00 -3.949e-03 
 
7.350e-01 2.501e+00 
3.115e+00 -3.904e-03 
 
7.350e-01 2.501e+00 
3.150e+00 -3.858e-03 
 
7.350e-01 2.501e+00 
3.185e+00 -3.875e-03 
 
7.350e-01 2.501e+00 
3.220e+00 -3.775e-03 
 
7.350e-01 2.501e+00 
3.255e+00 -3.768e-03 
 
7.350e-01 2.501e+00 
3.290e+00 -3.759e-03 
 
7.350e-01 2.501e+00 
3.325e+00 -3.696e-03 
 
7.350e-01 2.501e+00 
3.360e+00 -3.698e-03 
 
7.350e-01 2.501e+00 
3.395e+00 -3.635e-03 
 
7.350e-01 2.501e+00 
3.430e+00 -3.599e-03 
 
7.350e-01 2.501e+00 
3.465e+00 -3.597e-03 
 
7.350e-01 2.501e+00 
3.500e+00 -3.561e-03 
 
7.350e-01 2.501e+00 
3.535e+00 -3.506e-03 
 
7.350e-01 2.501e+00 
3.570e+00 -3.482e-03 
 
7.350e-01 2.501e+00 
3.605e+00 -3.458e-03 
 
7.350e-01 2.501e+00 
3.640e+00 -3.391e-03 
 
7.350e-01 2.501e+00 
3.675e+00 -3.367e-03 
 
7.350e-01 2.501e+00 
3.710e+00 -3.294e-03 
 
7.350e-01 2.501e+00 
3.745e+00 -3.317e-03 
 
7.350e-01 2.501e+00 
3.780e+00 -3.251e-03 
 
7.350e-01 2.501e+00 
3.815e+00 -3.211e-03 
 
7.350e-01 2.501e+00 
3.850e+00 -3.196e-03 
 
7.350e-01 2.501e+00 
3.885e+00 -3.186e-03 
 
7.350e-01 2.501e+00 
3.920e+00 -3.173e-03 
 
7.350e-01 2.501e+00 
3.955e+00 -3.119e-03 
 
7.350e-01 2.501e+00 
3.990e+00 -3.092e-03 
 
7.350e-01 2.501e+00 
4.025e+00 -3.034e-03 
 
7.350e-01 2.501e+00 
4.060e+00 -3.016e-03 
 
7.350e-01 2.501e+00 
4.095e+00 -2.991e-03 
 
7.350e-01 2.501e+00 
4.130e+00 -2.953e-03 
 
7.350e-01 2.501e+00 
4.165e+00 -2.903e-03 
 
7.350e-01 2.501e+00 
4.200e+00 -2.854e-03 
 
7.350e-01 2.501e+00 
4.235e+00 -2.815e-03 
 
7.350e-01 2.501e+00 
4.270e+00 -2.751e-03 
 
7.350e-01 2.501e+00 
4.305e+00 -2.734e-03 
 
7.350e-01 2.501e+00 
4.340e+00 -2.667e-03 
 
7.350e-01 2.501e+00 
4.375e+00 -2.620e-03 
 
7.350e-01 2.501e+00 
4.410e+00 -2.591e-03 
 
7.350e-01 2.501e+00 
4.445e+00 -2.535e-03 
 
7.350e-01 2.501e+00 
4.480e+00 -2.485e-03 
 
7.350e-01 2.501e+00 
4.515e+00 -2.447e-03 
 
7.350e-01 2.501e+00 
4.550e+00 -2.374e-03 
 
7.350e-01 2.501e+00 
4.585e+00 -2.284e-03 
 
7.350e-01 2.501e+00 
4.620e+00 -2.240e-03 
 
7.350e-01 2.501e+00 
4.655e+00 -2.176e-03 
 
7.350e-01 2.501e+00 
4.690e+00 -2.099e-03 
 
7.350e-01 2.501e+00 
4.725e+00 -2.056e-03 
 
7.350e-01 2.501e+00 
4.760e+00 -1.974e-03 
 
7.350e-01 2.501e+00 
4.795e+00 -1.900e-03 
 
7.350e-01 2.501e+00 
4.830e+00 -1.868e-03 
 
7.350e-01 2.501e+00 
4.865e+00 -1.811e-03 
 
7.350e-01 2.501e+00 
4.900e+00 -1.719e-03 
 
7.350e-01 2.501e+00 
4.935e+00 -1.704e-03 
 
7.350e-01 2.501e+00 
4.970e+00 -1.675e-03 
 
7.350e-01 2.501e+00 
5.005e+00 -1.586e-03 
 
7.350e-01 2.501e+00 
5.040e+00 -1.547e-03 
 
7.350e-01 2.501e+00 
5.075e+00 -1.565e-03 
 
7.350e-01 2.501e+00 
5.110e+00 -1.497e-03 
 
7.350e-01 2.501e+00 
5.145e+00 -1.510e-03 
 
7.350e-01 2.501e+00 
5.180e+00 -1.476e-03 
 
7.350e-01 2.501e+00 
5.215e+00 -1.468e-03 
 
7.350e-01 2.501e+00 
5.250e+00 -1.501e-03 
 
7.700e-01 2.501e+00 
5.285e+00 -1.473e-03 
 
8.050e-01 2.501e+00 
5.320e+00 -1.473e-03 
 
8.400e-01 2.501e+00 
5.355e+00 -1.503e-03 
 
8.750e-01 2.501e+00 
5.390e+00 -1.507e-03 
 
9.100e-01 2.501e+00 
5.425e+00 -1.559e-03 
 
9.100e-01 2.501e+00 
5.460e+00 -1.582e-03 
 
9.100e-01 2.501e+00 
5.495e+00 -1.649e-03 
 
9.100e-01 2.501e+00 
5.530e+00 -1.670e-03 
 
9.100e-01 2.501e+00 
5.565e+00 -1.720e-03 
 
9.100e-01 2.501e+00 
5.600e+00 -1.704e-03 
 
9.100e-01 2.501e+00 
5.635e+00 -1.737e-03 
 
9.100e-01 2.501e+00 
5.670e+00 -1.765e-03 
 
9.100e-01 2.501e+00 
5.705e+00 -1.805e-03 
 
9.100e-01 2.501e+00 
5.740e+00 -1.830e-03 
 
9.100e-01 2.501e+00 
5.775e+00 -1.851e-03 
 
9.450e-01 2.500e+00 
5.810e+00 -1.921e-03 
 
9.800e-01 2.501e+00 
5.845e+00 -1.933e-03 
 
1.015e+00 2.500e+00 
5.880e+00 -1.952e-03 
 
1.050e+00 2.500e+00 
5.915e+00 -1.989e-03 
 
1.085e+00 2.501e+00 
5.950e+00 -2.019e-03 
 
1.120e+00 2.500e+00 
5.985e+00 -2.053e-03 
 
1.155e+00 2.501e+00 
6.020e+00 -2.105e-03 
 
1.190e+00 2.500e+00 
6.055e+00 -2.078e-03 
 
1.225e+00 2.501e+00 
6.090e+00 -2.133e-03 
 
1.260e+00 2.501e+00 
6.125e+00 -2.174e-03 
 
1.295e+00 2.501e+00 
6.160e+00 -2.205e-03 
 
1.330e+00 2.501e+00 
6.160e+00 -2.205e-03 
 
1.365e+00 2.499e+00 
6.195e+00 -2.218e-03 
 
1.400e+00 2.500e+00 
6.230e+00 -2.227e-03 
 
1.435e+00 2.501e+00 
6.230e+00 -2.227e-03 
 
1.470e+00 2.501e+00 
6.265e+00 -2.275e-03 
 
1.505e+00 2.501e+00 
6.300e+00 -2.264e-03 
 
1.540e+00 2.500e+00 
6.335e+00 -2.311e-03 
 
1.575e+00 2.501e+00 
6.370e+00 -2.320e-03 
 
1.610e+00 2.500e+00 
6.405e+00 -2.363e-03 
 
1.645e+00 2.500e+00 
6.440e+00 -2.360e-03 
 
1.680e+00 2.501e+00 
6.475e+00 -2.396e-03 
 
1.715e+00 2.500e+00 
6.510e+00 -2.409e-03 
 
1.750e+00 2.501e+00 
6.545e+00 -2.415e-03 
 
1.785e+00 2.501e+00 
6.580e+00 -2.431e-03 
 
1.820e+00 2.501e+00 
6.615e+00 -2.428e-03 
 
1.855e+00 2.501e+00 
6.615e+00 -2.428e-03 
 
1.890e+00 2.500e+00 
6.650e+00 -2.456e-03 
 
1.925e+00 2.500e+00 
6.685e+00 -2.483e-03 
 
1.960e+00 2.501e+00 
6.720e+00 -2.498e-03 
 
1.995e+00 2.501e+00 
6.755e+00 -2.466e-03 
 
2.030e+00 2.500e+00 
6.790e+00 -2.494e-03 
 
2.065e+00 2.500e+00 
6.825e+00 -2.506e-03 
 
2.100e+00 2.500e+00 
6.860e+00 -2.483e-03 
 
2.100e+00 2.500e+00 
6.895e+00 -2.310e-03 
 
2.100e+00 2.500e+00 
6.930e+00 -2.447e-03 
 
2.100e+00 2.500e+00 
6.965e+00 -2.484e-03 
 
2.100e+00 2.500e+00 
7.000e+00 -2.458e-03 
 
2.100e+00 2.500e+00 
7.035e+00 -2.468e-03 
 
2.100e+00 2.500e+00 
7.070e+00 -2.465e-03 
 
2.100e+00 2.500e+00 
7.105e+00 -2.491e-03 
 
2.100e+00 2.500e+00 
7.140e+00 -2.512e-03 
 
2.100e+00 2.500e+00 
7.175e+00 -2.507e-03 
 
2.100e+00 2.500e+00 
7.210e+00 -2.500e-03 
 
2.100e+00 2.500e+00 
7.245e+00 -2.494e-03 
 
2.100e+00 2.500e+00 
7.280e+00 -2.507e-03 
 
2.100e+00 2.500e+00 
7.315e+00 -2.478e-03 
 
2.100e+00 2.500e+00 
7.350e+00 -2.497e-03 
 
2.100e+00 2.500e+00 
7.385e+00 -2.542e-03 
 
2.100e+00 2.500e+00 
7.420e+00 -2.512e-03 
 
2.100e+00 2.500e+00 
7.455e+00 -2.507e-03 
 
2.100e+00 2.500e+00 
7.490e+00 -2.488e-03 
 
2.100e+00 2.500e+00 
7.525e+00 -2.457e-03 
 
2.100e+00 2.500e+00 
7.560e+00 -2.453e-03 
 
2.100e+00 2.500e+00 
7.595e+00 -2.446e-03 
 
2.100e+00 2.500e+00 
7.630e+00 -2.449e-03 
 
2.100e+00 2.500e+00 
7.665e+00 -2.429e-03 
 
2.100e+00 2.500e+00 
7.700e+00 -2.446e-03 
 
2.100e+00 2.500e+00 
7.735e+00 -2.440e-03 
 
2.100e+00 2.500e+00 
7.770e+00 -2.422e-03 
 
2.100e+00 2.500e+00 
7.805e+00 -2.420e-03 
 
2.100e+00 2.500e+00 
7.840e+00 -2.367e-03 
 
2.100e+00 2.500e+00 
7.875e+00 -2.386e-03 
 
2.100e+00 2.500e+00 
7.910e+00 -2.389e-03 
 
2.100e+00 2.500e+00 
7.945e+00 -2.344e-03 
 
2.100e+00 2.500e+00 
7.980e+00 -2.340e-03 
 
2.100e+00 2.500e+00 
8.015e+00 -2.342e-03 
 
2.100e+00 2.500e+00 
8.050e+00 -2.286e-03 
 
2.100e+00 2.500e+00 
8.085e+00 -2.311e-03 
 
2.100e+00 2.500e+00 
8.120e+00 -2.284e-03 
 
2.100e+00 2.500e+00 
8.155e+00 -2.280e-03 
 
2.100e+00 2.500e+00 
8.190e+00 -2.289e-03 
 
2.100e+00 2.500e+00 
8.225e+00 -2.281e-03 
 
2.100e+00 2.500e+00 
8.260e+00 -2.237e-03 
 
2.100e+00 2.500e+00 
8.295e+00 -2.272e-03 
 
2.100e+00 2.500e+00 
8.330e+00 -2.260e-03 
 
2.100e+00 2.500e+00 
8.365e+00 -2.251e-03 
 
2.135e+00 2.501e+00 
8.400e+00 -2.181e-03 
 
2.170e+00 2.501e+00 
8.435e+00 -2.178e-03 
 
2.205e+00 2.500e+00 
8.470e+00 -2.165e-03 
 
2.240e+00 2.500e+00 
8.505e+00 -2.142e-03 
 
2.275e+00 2.500e+00 
8.540e+00 -2.151e-03 
 
2.310e+00 2.501e+00 
8.540e+00 -2.151e-03 
 
2.345e+00 2.501e+00 
8.575e+00 -2.123e-03 
 
2.380e+00 2.500e+00 
8.610e+00 -2.121e-03 
 
2.415e+00 2.501e+00 
8.645e+00 -2.103e-03 
 
2.450e+00 2.500e+00 
8.680e+00 -2.105e-03 
 
2.485e+00 2.501e+00 
8.715e+00 -2.080e-03 
 
2.520e+00 2.500e+00 
8.750e+00 -2.055e-03 
 
2.555e+00 2.501e+00 
8.785e+00 -2.033e-03 
 
2.590e+00 2.501e+00 
8.820e+00 -2.019e-03 
 
2.625e+00 2.500e+00 
8.855e+00 -2.023e-03 
 
2.660e+00 2.501e+00 
8.890e+00 -1.972e-03 
 
2.695e+00 2.501e+00 
8.925e+00 -1.959e-03 
 
2.730e+00 2.501e+00 
8.960e+00 -1.928e-03 
 
2.765e+00 2.501e+00 
8.995e+00 -1.924e-03 
 
2.800e+00 2.500e+00 
9.030e+00 -1.922e-03 
 
2.835e+00 2.502e+00 
9.065e+00 -1.873e-03 
 
2.870e+00 2.502e+00 
9.100e+00 -1.864e-03 
 
2.905e+00 2.501e+00 
9.135e+00 -1.854e-03 
 
2.940e+00 2.502e+00 
9.170e+00 -1.818e-03 
 
2.975e+00 2.501e+00 
9.205e+00 -1.793e-03 
 
3.010e+00 2.502e+00 
9.240e+00 -1.790e-03 
 
3.045e+00 2.501e+00 
9.275e+00 -1.770e-03 
 
3.080e+00 2.502e+00 
9.310e+00 -1.755e-03 
 
3.115e+00 2.501e+00 
9.345e+00 -1.747e-03 
 
3.150e+00 2.501e+00 
9.380e+00 -1.726e-03 
 
3.185e+00 2.501e+00 
9.415e+00 -1.672e-03 
 
3.220e+00 2.501e+00 
9.450e+00 -1.660e-03 
 
3.255e+00 2.502e+00 
9.450e+00 -1.660e-03 
 
3.290e+00 2.501e+00 
9.450e+00 -1.660e-03 
 
3.325e+00 2.502e+00 
9.450e+00 -1.660e-03 
 
3.360e+00 2.502e+00 
9.450e+00 -1.660e-03 
 
3.395e+00 2.502e+00 
9.450e+00 -1.660e-03 
 
3.430e+00 2.503e+00 
9.450e+00 -1.660e-03 
 
3.465e+00 2.503e+00 
9.450e+00 -1.660e-03 
 
3.500e+00 2.503e+00 
9.450e+00 -1.660e-03 
 
3.535e+00 2.503e+00 
9.450e+00 -1.660e-03 
 
3.570e+00 2.503e+00 
9.450e+00 -1.660e-03 
 
3.605e+00 2.503e+00 
9.450e+00 -1.660e-03 
 
3.640e+00 2.504e+00 
9.450e+00 -1.660e-03 
 
3.675e+00 2.504e+00 
9.450e+00 -1.660e-03 
 
3.710e+00 2.504e+00 
9.450e+00 -1.660e-03 
 
3.745e+00 2.504e+00 
9.450e+00 -1.660e-03 
 
3.780e+00 2.504e+00 
9.450e+00 -1.660e-03 
 
3.815e+00 2.505e+00 
9.450e+00 -1.660e-03 
 
3.850e+00 2.504e+00 
9.450e+00 -1.660e-03 
 
3.885e+00 2.505e+00 
9.450e+00 -1.660e-03 
 
3.920e+00 2.505e+00 
9.450e+00 -1.660e-03 
 
3.955e+00 2.505e+00 
9.450e+00 -1.660e-03 
 
3.990e+00 2.505e+00 
9.450e+00 -1.660e-03 
 
4.025e+00 2.506e+00 
9.450e+00 -1.660e-03 
 
4.060e+00 2.505e+00 
9.450e+00 -1.660e-03 
 
4.095e+00 2.506e+00 
9.450e+00 -1.660e-03 
 
4.130e+00 2.507e+00 
9.450e+00 -1.660e-03 
 
4.165e+00 2.508e+00 
9.450e+00 -1.660e-03 
 
4.200e+00 2.507e+00 
9.450e+00 -1.660e-03 
 
4.235e+00 2.508e+00 
9.485e+00 -1.633e-03 
 
4.235e+00 2.508e+00 
9.520e+00 -1.606e-03 
 
4.235e+00 2.508e+00 
9.555e+00 -1.545e-03 
 
4.235e+00 2.508e+00 
9.590e+00 -1.553e-03 
 
4.235e+00 2.508e+00 
9.625e+00 -1.554e-03 
 
4.235e+00 2.508e+00 
9.660e+00 -1.501e-03 
 
4.235e+00 2.508e+00 
9.695e+00 -1.450e-03 
 
4.235e+00 2.508e+00 
9.730e+00 -1.448e-03 
 
4.235e+00 2.508e+00 
9.765e+00 -1.447e-03 
 
4.235e+00 2.508e+00 
9.800e+00 -1.422e-03 
 
4.235e+00 2.508e+00 
9.835e+00 -1.361e-03 
 
4.235e+00 2.508e+00 
9.870e+00 -1.347e-03 
 
4.235e+00 2.508e+00 
9.905e+00 -1.310e-03 
 
4.235e+00 2.508e+00 
9.940e+00 -1.279e-03 
 
4.235e+00 2.508e+00 
9.975e+00 -1.263e-03 
 
4.235e+00 2.508e+00 
1.001e+01 -1.216e-03 
 
4.235e+00 2.508e+00 
1.004e+01 -1.207e-03 
 
4.235e+00 2.508e+00 
1.008e+01 -1.203e-03 
 
4.235e+00 2.508e+00 
1.011e+01 -1.135e-03 
 
4.235e+00 2.508e+00 
1.015e+01 -1.105e-03 
 
4.235e+00 2.508e+00 
1.018e+01 -1.091e-03 
 
4.235e+00 2.508e+00 
1.022e+01 -1.034e-03 
 
4.235e+00 2.508e+00 
1.025e+01 -1.040e-03 
 
4.235e+00 2.508e+00 
1.029e+01 -1.007e-03 
 
4.235e+00 2.508e+00 
1.033e+01 -9.751e-04 
 
4.235e+00 2.508e+00 
1.036e+01 -9.308e-04 
 
4.235e+00 2.508e+00 
1.040e+01 -9.186e-04 
 
4.235e+00 2.508e+00 
1.043e+01 -9.104e-04 
 
4.235e+00 2.508e+00 
1.046e+01 -8.675e-04 
 
4.235e+00 2.508e+00 
1.050e+01 -8.718e-04 
 
4.270e+00 2.507e+00 
1.053e+01 -8.066e-04 
 
4.305e+00 2.508e+00 
1.057e+01 -7.872e-04 
 
4.340e+00 2.508e+00 
1.060e+01 -7.594e-04 
 
4.375e+00 2.509e+00 
1.064e+01 -7.122e-04 
 
4.410e+00 2.508e+00 
1.067e+01 -6.586e-04 
 
4.445e+00 2.510e+00 
1.067e+01 -6.586e-04 
 
4.480e+00 2.510e+00 
1.067e+01 -6.586e-04 
 
4.515e+00 2.511e+00 
1.067e+01 -6.586e-04 
 
4.550e+00 2.511e+00 
1.067e+01 -6.586e-04 
 
4.585e+00 2.511e+00 
1.067e+01 -6.586e-04 
 
4.620e+00 2.511e+00 
1.067e+01 -6.586e-04 
 
4.655e+00 2.513e+00 
1.067e+01 -6.586e-04 
 
4.690e+00 2.513e+00 
1.067e+01 -6.586e-04 
 
4.725e+00 2.514e+00 
1.067e+01 -6.586e-04 
 
4.760e+00 2.513e+00 
1.067e+01 -6.586e-04 
 
4.795e+00 2.514e+00 
1.067e+01 -6.586e-04 
 
4.830e+00 2.515e+00 
1.067e+01 -6.586e-04 
 
4.865e+00 2.515e+00 
1.067e+01 -6.586e-04 
 
4.900e+00 2.515e+00 
1.067e+01 -6.586e-04 
 
4.935e+00 2.517e+00 
1.071e+01 -6.464e-04 
 
4.970e+00 2.516e+00 
1.075e+01 -5.866e-04 
 
5.005e+00 2.517e+00 
1.078e+01 -5.624e-04 
 
5.040e+00 2.517e+00 
1.082e+01 -5.636e-04 
 
5.075e+00 2.518e+00 
1.085e+01 -5.277e-04 
 
5.110e+00 2.518e+00 
1.088e+01 -4.836e-04 
 
5.145e+00 2.518e+00 
1.092e+01 -4.813e-04 
 
5.180e+00 2.518e+00 
1.095e+01 -4.599e-04 
 
5.215e+00 2.518e+00 
1.099e+01 -4.584e-04 
 
5.250e+00 2.518e+00 
1.102e+01 -4.304e-04 
 
5.285e+00 2.519e+00 
1.106e+01 -4.028e-04 
 
5.320e+00 2.520e+00 
1.109e+01 -4.024e-04 
 
5.355e+00 2.519e+00 
1.113e+01 -3.744e-04 
 
5.355e+00 2.519e+00 
1.117e+01 -3.514e-04 
 
5.355e+00 2.519e+00 
1.120e+01 -3.193e-04 
 
5.355e+00 2.519e+00 
1.124e+01 -3.676e-04 
 
5.355e+00 2.519e+00 
1.127e+01 -3.168e-04 
 
5.355e+00 2.519e+00 
1.131e+01 -3.121e-04 
 
5.355e+00 2.519e+00 
1.134e+01 -2.849e-04 
 
5.355e+00 2.519e+00 
1.137e+01 -3.084e-04 
 
5.355e+00 2.519e+00 
1.141e+01 -2.961e-04 
 
5.355e+00 2.519e+00 
1.144e+01 -3.047e-04 
 
5.355e+00 2.519e+00 
1.148e+01 -2.922e-04 
 
5.355e+00 2.519e+00 
1.151e+01 -3.005e-04 
 
5.355e+00 2.519e+00 
1.155e+01 -3.214e-04 
 
5.390e+00 2.519e+00 
1.158e+01 -3.217e-04 
 
5.425e+00 2.519e+00 
1.162e+01 -3.831e-04 
 
5.460e+00 2.519e+00 
1.166e+01 -4.089e-04 
 
5.495e+00 2.521e+00 
1.169e+01 -4.089e-04 
 
5.530e+00 2.519e+00 
1.173e+01 -4.303e-04 
 
5.565e+00 2.519e+00 
1.176e+01 -4.838e-04 
 
5.600e+00 2.519e+00 
1.179e+01 -4.981e-04 
 
5.635e+00 2.519e+00 
1.183e+01 -5.329e-04 
 
5.670e+00 2.519e+00 
1.186e+01 -5.843e-04 
 
5.705e+00 2.518e+00 
1.190e+01 -6.434e-04 
 
5.740e+00 2.518e+00 
1.193e+01 -6.613e-04 
 
5.775e+00 2.517e+00 
1.197e+01 -6.951e-04 
 
5.810e+00 2.517e+00 
1.200e+01 -7.601e-04 
 
5.845e+00 2.517e+00 
1.200e+01 -7.601e-04 
 
5.880e+00 2.516e+00 
1.200e+01 -7.601e-04 
 
5.915e+00 2.516e+00 
1.200e+01 -7.601e-04 
 
5.950e+00 2.516e+00 
1.200e+01 -7.601e-04 
 
5.985e+00 2.515e+00 
1.200e+01 -7.601e-04 
 
6.020e+00 2.515e+00 
1.200e+01 -7.601e-04 
 
6.055e+00 2.514e+00 
1.200e+01 -7.601e-04 
 
6.090e+00 2.514e+00 
1.200e+01 -7.601e-04 
 
6.125e+00 2.514e+00 
1.200e+01 -7.601e-04 
 
6.160e+00 2.514e+00 
1.200e+01 -7.601e-04 
 
6.195e+00 2.513e+00 
1.200e+01 -7.601e-04 
 
6.230e+00 2.513e+00 
1.200e+01 -7.601e-04 
 
6.265e+00 2.511e+00 
1.200e+01 -7.601e-04 
 
6.300e+00 2.512e+00 
1.200e+01 -7.601e-04 
 
6.335e+00 2.511e+00 
1.200e+01 -7.601e-04 
 
6.370e+00 2.511e+00 
1.200e+01 -7.601e-04 
 
6.405e+00 2.512e+00 
1.200e+01 -7.601e-04 
 
6.440e+00 2.510e+00 
1.200e+01 -7.601e-04 
 
6.475e+00 2.511e+00 
1.200e+01 -7.601e-04 
 
6.510e+00 2.510e+00 
1.200e+01 -7.601e-04 
 
6.545e+00 2.509e+00 
1.200e+01 -7.601e-04 
 
6.580e+00 2.510e+00 
1.200e+01 -7.601e-04 
 
6.615e+00 2.509e+00 
1.200e+01 -7.601e-04 
 
6.650e+00 2.509e+00 
1.200e+01 -7.601e-04 
 
6.685e+00 2.508e+00 
1.200e+01 -7.601e-04 
 
6.720e+00 2.509e+00 
1.200e+01 -7.601e-04 
 
6.755e+00 2.508e+00 
1.200e+01 -7.601e-04 
 
6.790e+00 2.507e+00 
1.204e+01 -8.301e-04 
 
6.825e+00 2.508e+00 
1.208e+01 -9.046e-04 
 
6.860e+00 2.508e+00 
1.211e+01 -9.308e-04 
 
6.895e+00 2.507e+00 
1.215e+01 -9.463e-04 
 
6.930e+00 2.507e+00 
1.218e+01 -9.946e-04 
 
6.965e+00 2.508e+00 
1.221e+01 -1.046e-03 
 
7.000e+00 2.507e+00 
1.221e+01 -1.046e-03 
 
7.035e+00 2.507e+00 
1.221e+01 -1.046e-03 
 
7.070e+00 2.506e+00 
1.221e+01 -1.046e-03 
 
7.105e+00 2.507e+00 
1.221e+01 -1.046e-03 
 
7.140e+00 2.507e+00 
1.221e+01 -1.046e-03 
 
7.175e+00 2.506e+00 
1.221e+01 -1.046e-03 
 
7.210e+00 2.505e+00 
1.225e+01 -1.125e-03 
 
7.245e+00 2.506e+00 
1.228e+01 -1.173e-03 
 
7.280e+00 2.505e+00 
1.232e+01 -1.191e-03 
 
7.315e+00 2.506e+00 
1.235e+01 -1.233e-03 
 
7.350e+00 2.506e+00 
1.239e+01 -1.292e-03 
 
7.385e+00 2.506e+00 
1.242e+01 -1.336e-03 
 
7.420e+00 2.506e+00 
1.246e+01 -1.309e-03 
 
7.455e+00 2.506e+00 
1.250e+01 -1.340e-03 
 
7.490e+00 2.505e+00 
1.253e+01 -1.396e-03 
 
7.525e+00 2.505e+00 
1.257e+01 -1.409e-03 
 
7.560e+00 2.505e+00 
1.260e+01 -1.375e-03 
 
7.595e+00 2.505e+00 
1.263e+01 -1.371e-03 
 
7.630e+00 2.505e+00 
1.267e+01 -1.411e-03 
 
7.665e+00 2.505e+00 
1.270e+01 -1.394e-03 
 
7.700e+00 2.505e+00 
1.274e+01 -1.321e-03 
 
7.735e+00 2.504e+00 
1.277e+01 -1.282e-03 
 
7.770e+00 2.505e+00 
1.277e+01 -1.282e-03 
 
7.805e+00 2.505e+00 
1.277e+01 -1.282e-03 
 
7.840e+00 2.505e+00 
1.277e+01 -1.282e-03 
 
7.875e+00 2.506e+00 
1.277e+01 -1.282e-03 
 
7.910e+00 2.505e+00 
1.277e+01 -1.282e-03 
 
7.945e+00 2.505e+00 
1.277e+01 -1.282e-03 
 
7.980e+00 2.505e+00 
1.277e+01 -1.282e-03 
 
8.015e+00 2.504e+00 
1.277e+01 -1.282e-03 
 
8.050e+00 2.506e+00 
1.277e+01 -1.282e-03 
 
8.085e+00 2.504e+00 
1.277e+01 -1.282e-03 
 
8.120e+00 2.506e+00 
1.277e+01 -1.282e-03 
 
8.155e+00 2.505e+00 
1.281e+01 -1.194e-03 
 
8.190e+00 2.505e+00 
1.281e+01 -1.194e-03 
 
8.225e+00 2.505e+00 
1.281e+01 -1.194e-03 
 
8.260e+00 2.505e+00 
1.281e+01 -1.194e-03 
 
8.295e+00 2.505e+00 
1.281e+01 -1.194e-03 
 
8.330e+00 2.506e+00 
1.281e+01 -1.194e-03 
 
8.365e+00 2.506e+00 
1.281e+01 -1.194e-03 
 
8.400e+00 2.505e+00 
1.281e+01 -1.194e-03 
 
8.435e+00 2.505e+00 
1.281e+01 -1.194e-03 
 
8.470e+00 2.505e+00 
1.284e+01 -1.056e-03 
 
8.470e+00 2.505e+00 
1.288e+01 -8.865e-04 
 
8.505e+00 2.505e+00 
1.292e+01 -5.675e-04 
 
8.540e+00 2.505e+00 
1.295e+01 -2.197e-04 
 
8.575e+00 2.505e+00 
1.295e+01 -2.197e-04 
 
8.610e+00 2.506e+00 
1.295e+01 -2.197e-04 
 
8.645e+00 2.506e+00 
1.299e+01 2.046e-04 
 
8.680e+00 2.506e+00 
1.302e+01 7.048e-04 
 
8.715e+00 2.505e+00 
1.302e+01 7.048e-04 
 
8.750e+00 2.507e+00 
1.302e+01 7.048e-04 
 
8.785e+00 2.507e+00 
1.302e+01 7.048e-04 
 
8.820e+00 2.507e+00 
1.302e+01 7.048e-04 
 
8.855e+00 2.507e+00 
1.302e+01 7.048e-04 
 
8.890e+00 2.506e+00 
1.302e+01 7.048e-04 
 
8.925e+00 2.506e+00 
1.302e+01 7.048e-04 
 
8.960e+00 2.507e+00 
1.302e+01 7.048e-04 
 
8.995e+00 2.507e+00 
1.305e+01 1.249e-03 
 
9.030e+00 2.507e+00 
1.305e+01 1.249e-03 
 
9.065e+00 2.507e+00 
1.305e+01 1.249e-03 
 
9.100e+00 2.509e+00 
1.305e+01 1.249e-03 
 
9.135e+00 2.508e+00 
1.305e+01 1.249e-03 
 
9.170e+00 2.507e+00 
1.305e+01 1.249e-03 
 
9.205e+00 2.508e+00 
1.305e+01 1.249e-03 
 
9.240e+00 2.508e+00 
1.305e+01 1.249e-03 
 
9.275e+00 2.508e+00 
1.305e+01 1.249e-03 
 
9.310e+00 2.508e+00 
1.305e+01 1.249e-03 
 
9.345e+00 2.508e+00 
1.305e+01 1.249e-03 
 
9.380e+00 2.508e+00 
1.305e+01 1.249e-03 
 
9.415e+00 2.509e+00 
1.305e+01 1.249e-03 
 
9.450e+00 2.509e+00 
1.305e+01 1.249e-03 
 
9.485e+00 2.510e+00 
1.305e+01 1.249e-03 
 
9.520e+00 2.509e+00 
1.305e+01 1.249e-03 
 
9.555e+00 2.509e+00 
1.305e+01 1.249e-03 
 
9.590e+00 2.509e+00 
1.305e+01 1.249e-03 
 
9.625e+00 2.510e+00 
1.305e+01 1.249e-03 
 
9.660e+00 2.510e+00 
1.305e+01 1.249e-03 
 
9.695e+00 2.510e+00 
1.305e+01 1.249e-03 
 
9.730e+00 2.511e+00 
1.305e+01 1.249e-03 
 
9.765e+00 2.511e+00 
1.305e+01 1.249e-03 
 
9.800e+00 2.511e+00 
1.305e+01 1.249e-03 
 
9.835e+00 2.511e+00 
1.305e+01 1.249e-03 
 
9.870e+00 2.512e+00 
1.305e+01 1.249e-03 
 
9.905e+00 2.511e+00 
1.305e+01 1.249e-03 
 
9.940e+00 2.512e+00 
1.305e+01 1.249e-03 
 
9.975e+00 2.512e+00 
1.305e+01 1.249e-03 
 
1.001e+01 2.512e+00 
1.305e+01 1.249e-03 
 
1.004e+01 2.512e+00 
1.305e+01 1.249e-03 
 
1.008e+01 2.512e+00 
1.305e+01 1.249e-03 
 
1.011e+01 2.513e+00 
1.305e+01 1.249e-03 
 
1.015e+01 2.513e+00 
1.305e+01 1.249e-03 
 
1.018e+01 2.514e+00 
1.305e+01 1.249e-03 
 
1.022e+01 2.515e+00 
1.305e+01 1.249e-03 
 
1.025e+01 2.514e+00 
1.305e+01 1.249e-03 
 
1.029e+01 2.515e+00 
1.305e+01 1.249e-03 
 
1.033e+01 2.515e+00 
1.305e+01 1.249e-03 
 
1.036e+01 2.514e+00 
1.305e+01 1.249e-03 
 
1.040e+01 2.515e+00 
1.305e+01 1.249e-03 
 
1.043e+01 2.515e+00 
1.305e+01 1.249e-03 
 
1.046e+01 2.516e+00 
1.305e+01 1.249e-03 
 
1.050e+01 2.516e+00 
1.305e+01 1.249e-03 
 
1.053e+01 2.516e+00 
1.305e+01 1.249e-03 
 
1.057e+01 2.516e+00 
1.305e+01 1.249e-03 
 
1.060e+01 2.518e+00 
1.305e+01 1.249e-03 
 
1.064e+01 2.518e+00 
1.305e+01 1.249e-03 
 
1.067e+01 2.518e+00 
1.305e+01 1.249e-03 
 
1.071e+01 2.519e+00 
1.305e+01 1.249e-03 
 
1.075e+01 2.519e+00 
1.305e+01 1.249e-03 
 
1.078e+01 2.518e+00 
1.305e+01 1.249e-03 
 
1.082e+01 2.518e+00 
1.305e+01 1.249e-03 
 
1.085e+01 2.520e+00 
1.305e+01 1.249e-03 
 
1.088e+01 2.520e+00 
1.305e+01 1.249e-03 
 
1.092e+01 2.521e+00 
1.305e+01 1.249e-03 
 
1.095e+01 2.521e+00 
1.305e+01 1.249e-03 
 
1.099e+01 2.521e+00 
1.305e+01 1.249e-03 
 
1.102e+01 2.521e+00 
1.305e+01 1.249e-03 
 
1.106e+01 2.521e+00 
1.305e+01 1.249e-03 
 
1.109e+01 2.521e+00 
1.305e+01 1.249e-03 
 
1.113e+01 2.522e+00 
1.305e+01 1.249e-03 
 
1.117e+01 2.522e+00 
1.305e+01 1.249e-03 
 
1.120e+01 2.522e+00 
1.305e+01 1.249e-03 
 
1.124e+01 2.522e+00 
1.305e+01 1.249e-03 
 
1.127e+01 2.523e+00 
1.305e+01 1.249e-03 
 
1.131e+01 2.522e+00 
1.305e+01 1.249e-03 
 
1.134e+01 2.522e+00 
1.305e+01 1.249e-03 
 
1.137e+01 2.523e+00 
1.305e+01 1.249e-03 
 
1.141e+01 2.523e+00 
1.305e+01 1.249e-03 
 
1.144e+01 2.523e+00 
1.305e+01 1.249e-03 
 
1.148e+01 2.523e+00 
1.305e+01 1.249e-03 
 
1.151e+01 2.523e+00 
1.305e+01 1.249e-03 
 
1.155e+01 2.523e+00 
1.305e+01 1.249e-03 
 
1.158e+01 2.523e+00 
1.305e+01 1.249e-03 
 
1.162e+01 2.522e+00 
1.305e+01 1.249e-03 
 
1.166e+01 2.522e+00 
1.305e+01 1.249e-03 
 
1.169e+01 2.522e+00 
1.305e+01 1.249e-03 
 
1.173e+01 2.522e+00 
1.305e+01 1.249e-03 
 
1.176e+01 2.522e+00 
1.305e+01 1.249e-03 
 
1.179e+01 2.521e+00 
1.305e+01 1.249e-03 
 
1.183e+01 2.521e+00 
1.305e+01 1.249e-03 
 
1.186e+01 2.521e+00 
1.305e+01 1.249e-03 
 
1.190e+01 2.519e+00 
1.305e+01 1.249e-03 
 
1.193e+01 2.520e+00 
1.305e+01 1.249e-03 
 
1.197e+01 2.519e+00 
1.305e+01 1.249e-03 
 
1.200e+01 2.519e+00 
1.305e+01 1.249e-03 
 
1.204e+01 2.518e+00 
1.305e+01 1.249e-03 
 
1.208e+01 2.519e+00 
1.305e+01 1.249e-03 
 
1.211e+01 2.518e+00 
1.305e+01 1.249e-03 
 
1.215e+01 2.518e+00 
1.305e+01 1.249e-03 
 
1.218e+01 2.516e+00 
1.305e+01 1.249e-03 
 
1.221e+01 2.516e+00 
1.305e+01 1.249e-03 
 
1.225e+01 2.515e+00 
1.305e+01 1.249e-03 
 
1.228e+01 2.515e+00 
1.305e+01 1.249e-03 
 
1.232e+01 2.514e+00 
1.305e+01 1.249e-03 
 
1.235e+01 2.513e+00 
1.305e+01 1.249e-03 
 
1.239e+01 2.512e+00 
1.305e+01 1.249e-03 
 
1.242e+01 2.511e+00 
1.305e+01 1.249e-03 
 
1.246e+01 2.512e+00 
1.305e+01 1.249e-03 
 
1.250e+01 2.511e+00 
1.305e+01 1.249e-03 
 
1.253e+01 2.510e+00 
1.305e+01 1.249e-03 
 
1.257e+01 2.510e+00 
1.305e+01 1.249e-03 
 
1.260e+01 2.510e+00 
1.305e+01 1.249e-03 
 
1.263e+01 2.510e+00 
1.305e+01 1.249e-03 
 
1.267e+01 2.509e+00 
1.305e+01 1.249e-03 
 
1.270e+01 2.509e+00 
1.305e+01 1.249e-03 
 
1.274e+01 2.509e+00 
1.305e+01 1.249e-03 
 
1.277e+01 2.508e+00 
1.305e+01 1.249e-03 
 
1.281e+01 2.508e+00 
1.305e+01 1.249e-03 
 
1.284e+01 2.508e+00 
1.305e+01 1.249e-03 
 
1.288e+01 2.507e+00 
1.305e+01 1.249e-03 
 
1.292e+01 2.508e+00 
1.305e+01 1.249e-03 
 
1.295e+01 2.507e+00 
1.305e+01 1.249e-03 
 
1.299e+01 2.508e+00 
1.305e+01 1.249e-03 
 
1.302e+01 2.507e+00 
1.305e+01 1.249e-03 
 
1.305e+01 2.507e+00 
1.305e+01 1.249e-03 
 
1.309e+01 2.507e+00 
1.305e+01 1.249e-03 
 
1.312e+01 2.507e+00 
1.309e+01 1.886e-03 
 
1.316e+01 2.508e+00 
1.309e+01 1.886e-03 
 
1.319e+01 2.508e+00 
1.309e+01 1.886e-03 
 
1.323e+01 2.508e+00 
1.312e+01 2.633e-03 
 
1.323e+01 2.508e+00 
1.316e+01 3.416e-03 
 
1.323e+01 2.508e+00 
1.319e+01 4.213e-03 
 
1.323e+01 2.508e+00 
1.323e+01 5.113e-03 
 
1.326e+01 2.507e+00 
1.326e+01 5.988e-03 
 
1.330e+01 2.508e+00 
1.330e+01 6.957e-03 
 
1.333e+01 2.508e+00 
1.333e+01 7.997e-03 
 
1.337e+01 2.509e+00 
1.337e+01 9.106e-03 
 
1.337e+01 2.509e+00 
1.341e+01 1.025e-02 
 
1.337e+01 2.509e+00 
1.344e+01 1.149e-02 
 
1.337e+01 2.509e+00 
1.347e+01 1.274e-02 
 
1.341e+01 2.508e+00 
1.351e+01 1.403e-02 
 
1.344e+01 2.509e+00 
1.354e+01 1.543e-02 
 
1.347e+01 2.509e+00 
1.358e+01 1.685e-02 
 
1.351e+01 2.509e+00 
1.361e+01 1.831e-02 
 
1.351e+01 2.509e+00 
1.365e+01 1.984e-02 
 
1.351e+01 2.509e+00 
1.368e+01 2.140e-02 
 
1.351e+01 2.509e+00 
1.372e+01 2.299e-02 
 
1.351e+01 2.509e+00 
1.375e+01 2.467e-02 
 
1.351e+01 2.509e+00 
1.379e+01 2.637e-02 
 
1.351e+01 2.509e+00 
1.383e+01 2.814e-02 
 
1.351e+01 2.509e+00 
1.386e+01 2.996e-02 
 
1.351e+01 2.509e+00 
1.389e+01 3.181e-02 
 
1.351e+01 2.509e+00 
1.393e+01 3.363e-02 
 
1.351e+01 2.509e+00 
1.396e+01 3.539e-02 
 
1.351e+01 2.509e+00 
1.400e+01 3.720e-02 
 
1.351e+01 2.509e+00 
1.403e+01 3.897e-02 
 
1.351e+01 2.509e+00 
1.407e+01 4.068e-02 
 
1.351e+01 2.509e+00 
1.410e+01 4.248e-02 
 
1.351e+01 2.509e+00 
1.414e+01 4.424e-02 
 
1.354e+01 2.509e+00 
1.417e+01 4.616e-02 
 
1.358e+01 2.510e+00 
1.421e+01 4.817e-02 
 
1.361e+01 2.511e+00 
1.425e+01 5.029e-02 
 
1.365e+01 2.511e+00 
1.428e+01 5.258e-02 
 
1.368e+01 2.512e+00 
1.431e+01 5.502e-02 
 
1.372e+01 2.511e+00 
1.435e+01 5.747e-02 
 
1.375e+01 2.513e+00 
1.435e+01 5.747e-02 
 
1.379e+01 2.513e+00 
1.435e+01 5.747e-02 
 
1.383e+01 2.514e+00 
1.435e+01 5.747e-02 
 
1.386e+01 2.515e+00 
1.438e+01 5.987e-02 
 
1.389e+01 2.515e+00 
1.442e+01 6.220e-02 
 
1.393e+01 2.516e+00 
1.445e+01 6.436e-02 
 
1.393e+01 2.516e+00 
1.449e+01 6.624e-02 
 
1.393e+01 2.516e+00 
1.452e+01 6.776e-02 
 
1.393e+01 2.516e+00 
1.456e+01 6.905e-02 
 
1.393e+01 2.516e+00 
1.459e+01 7.007e-02 
 
1.393e+01 2.516e+00 
1.463e+01 7.080e-02 
 
1.393e+01 2.516e+00 
1.467e+01 7.148e-02 
 
1.393e+01 2.516e+00 
1.470e+01 7.222e-02 
 
1.393e+01 2.516e+00 
1.473e+01 7.320e-02 
 
1.393e+01 2.516e+00 
1.477e+01 7.449e-02 
 
1.396e+01 2.517e+00 
1.480e+01 7.630e-02 
 
1.400e+01 2.516e+00 
1.484e+01 7.876e-02 
 
1.403e+01 2.517e+00 
1.484e+01 7.876e-02 
 
1.407e+01 2.518e+00 
1.484e+01 7.876e-02 
 
1.410e+01 2.519e+00 
1.484e+01 7.876e-02 
 
1.414e+01 2.519e+00 
1.484e+01 7.876e-02 
 
1.417e+01 2.520e+00 
1.484e+01 7.876e-02 
 
1.421e+01 2.521e+00 
1.484e+01 7.876e-02 
 
1.425e+01 2.522e+00 
1.484e+01 7.876e-02 
 
1.428e+01 2.522e+00 
1.484e+01 7.876e-02 
 
1.431e+01 2.522e+00 
1.484e+01 7.876e-02 
 
1.435e+01 2.523e+00 
1.484e+01 7.876e-02 
 
1.438e+01 2.525e+00 
1.484e+01 7.876e-02 
 
1.442e+01 2.525e+00 
1.484e+01 7.876e-02 
 
1.445e+01 2.525e+00 
1.484e+01 7.876e-02 
 
1.449e+01 2.525e+00 
1.484e+01 7.876e-02 
 
1.452e+01 2.527e+00 
1.484e+01 7.876e-02 
 
1.456e+01 2.527e+00 
1.484e+01 7.876e-02 
 
1.459e+01 2.527e+00 
1.484e+01 7.876e-02 
 
1.463e+01 2.528e+00 
1.484e+01 7.876e-02 
 
1.467e+01 2.528e+00 
1.484e+01 7.876e-02 
 
1.470e+01 2.529e+00 
1.484e+01 7.876e-02 
 
1.473e+01 2.529e+00 
1.484e+01 7.876e-02 
 
1.477e+01 2.530e+00 
1.487e+01 8.196e-02 
 
1.480e+01 2.530e+00 
1.491e+01 8.584e-02 
 
1.480e+01 2.530e+00 
1.494e+01 9.044e-02 
 
1.484e+01 2.531e+00 
1.498e+01 9.559e-02 
 
1.487e+01 2.533e+00 
1.501e+01 1.011e-01 
 
1.491e+01 2.535e+00 
1.501e+01 1.011e-01 
 
1.494e+01 2.537e+00 
1.501e+01 1.011e-01 
 
1.498e+01 2.538e+00 
1.501e+01 1.011e-01 
 
1.501e+01 2.540e+00 
1.505e+01 1.069e-01 
 
1.505e+01 2.541e+00 
1.508e+01 1.125e-01 
 
1.508e+01 2.543e+00 
1.512e+01 1.177e-01 
 
1.512e+01 2.543e+00 
1.515e+01 1.222e-01 
 
1.515e+01 2.544e+00 
1.519e+01 1.257e-01 
 
1.519e+01 2.544e+00 
1.522e+01 1.282e-01 
 
1.522e+01 2.544e+00 
1.526e+01 1.294e-01 
 
1.526e+01 2.545e+00 
1.526e+01 1.294e-01 
 
1.529e+01 2.544e+00 
1.529e+01 1.292e-01 
 
1.533e+01 2.544e+00 
1.533e+01 1.279e-01 
 
1.536e+01 2.544e+00 
1.536e+01 1.254e-01 
 
1.540e+01 2.543e+00 
1.540e+01 1.219e-01 
 
1.543e+01 2.543e+00 
1.543e+01 1.176e-01 
 
1.547e+01 2.541e+00 
1.543e+01 1.176e-01 
 
1.550e+01 2.540e+00 
1.547e+01 1.128e-01 
 
1.550e+01 2.540e+00 
1.550e+01 1.078e-01 
 
1.550e+01 2.540e+00 
1.554e+01 1.029e-01 
 
1.550e+01 2.540e+00 
1.557e+01 9.831e-02 
 
1.554e+01 2.539e+00 
1.561e+01 9.440e-02 
 
1.557e+01 2.539e+00 
1.564e+01 9.143e-02 
 
1.561e+01 2.538e+00 
1.568e+01 8.967e-02 
 
1.564e+01 2.538e+00 
1.571e+01 8.934e-02 
 
1.568e+01 2.538e+00 
1.575e+01 9.077e-02 
 
1.571e+01 2.539e+00 
1.578e+01 9.412e-02 
 
1.575e+01 2.540e+00 
1.582e+01 9.965e-02 
 
1.578e+01 2.543e+00 
1.585e+01 1.074e-01 
 
1.578e+01 2.543e+00 
1.589e+01 1.176e-01 
 
1.582e+01 2.544e+00 
1.592e+01 1.303e-01 
 
1.585e+01 2.548e+00 
1.596e+01 1.454e-01 
 
1.589e+01 2.551e+00 
1.600e+01 1.627e-01 
 
1.592e+01 2.555e+00 
1.603e+01 1.818e-01 
 
1.596e+01 2.559e+00 
1.606e+01 2.024e-01 
 
1.600e+01 2.564e+00 
1.610e+01 2.236e-01 
 
1.603e+01 2.569e+00 
1.610e+01 2.236e-01 
 
1.606e+01 2.574e+00 
1.610e+01 2.236e-01 
 
1.610e+01 2.578e+00 
1.610e+01 2.236e-01 
 
1.613e+01 2.582e+00 
1.613e+01 2.447e-01 
 
1.617e+01 2.587e+00 
1.617e+01 2.648e-01 
 
1.617e+01 2.587e+00 
1.621e+01 2.828e-01 
 
1.621e+01 2.590e+00 
1.624e+01 2.978e-01 
 
1.624e+01 2.594e+00 
1.628e+01 3.091e-01 
 
1.628e+01 2.595e+00 
1.631e+01 3.159e-01 
 
1.631e+01 2.595e+00 
1.635e+01 3.181e-01 
 
1.635e+01 2.596e+00 
1.638e+01 3.155e-01 
 
1.638e+01 2.594e+00 
1.638e+01 3.155e-01 
 
1.642e+01 2.592e+00 
1.642e+01 3.088e-01 
 
1.645e+01 2.591e+00 
1.645e+01 2.983e-01 
 
1.649e+01 2.587e+00 
1.649e+01 2.849e-01 
 
1.652e+01 2.585e+00 
1.652e+01 2.692e-01 
 
1.656e+01 2.581e+00 
1.656e+01 2.522e-01 
 
1.659e+01 2.577e+00 
1.659e+01 2.344e-01 
 
1.663e+01 2.573e+00 
1.663e+01 2.163e-01 
 
1.666e+01 2.570e+00 
1.663e+01 2.163e-01 
 
1.669e+01 2.566e+00 
1.666e+01 1.986e-01 
 
1.673e+01 2.562e+00 
1.669e+01 1.814e-01 
 
1.676e+01 2.558e+00 
1.673e+01 1.650e-01 
 
1.680e+01 2.557e+00 
1.676e+01 1.497e-01 
 
1.683e+01 2.552e+00 
1.680e+01 1.356e-01 
 
1.687e+01 2.550e+00 
1.683e+01 1.226e-01 
 
1.690e+01 2.547e+00 
1.683e+01 1.226e-01 
 
1.694e+01 2.545e+00 
1.683e+01 1.226e-01 
 
1.697e+01 2.543e+00 
1.687e+01 1.108e-01 
 
1.701e+01 2.540e+00 
1.687e+01 1.108e-01 
 
1.704e+01 2.537e+00 
1.690e+01 1.002e-01 
 
1.708e+01 2.536e+00 
1.694e+01 9.077e-02 
 
1.712e+01 2.534e+00 
1.697e+01 8.244e-02 
 
1.715e+01 2.532e+00 
1.701e+01 7.519e-02 
 
1.719e+01 2.531e+00 
1.704e+01 6.896e-02 
 
1.722e+01 2.530e+00 
1.708e+01 6.364e-02 
 
1.726e+01 2.530e+00 
1.712e+01 5.913e-02 
 
1.729e+01 2.528e+00 
1.715e+01 5.542e-02 
 
1.733e+01 2.528e+00 
1.719e+01 5.241e-02 
 
1.736e+01 2.527e+00 
1.722e+01 5.005e-02 
 
1.736e+01 2.527e+00 
1.726e+01 4.833e-02 
 
1.736e+01 2.527e+00 
1.729e+01 4.718e-02 
 
1.740e+01 2.527e+00 
1.733e+01 4.668e-02 
 
1.740e+01 2.527e+00 
1.736e+01 4.672e-02 
 
1.743e+01 2.527e+00 
1.740e+01 4.740e-02 
 
1.743e+01 2.527e+00 
1.743e+01 4.867e-02 
 
1.747e+01 2.528e+00 
1.747e+01 5.073e-02 
 
1.747e+01 2.528e+00 
1.750e+01 5.376e-02 
 
1.750e+01 2.528e+00 
1.753e+01 5.795e-02 
 
1.750e+01 2.528e+00 
1.757e+01 6.378e-02 
 
1.753e+01 2.530e+00 
1.760e+01 7.173e-02 
 
1.757e+01 2.532e+00 
1.764e+01 8.261e-02 
 
1.760e+01 2.535e+00 
1.767e+01 9.759e-02 
 
1.764e+01 2.539e+00 
1.771e+01 1.180e-01 
 
1.767e+01 2.546e+00 
1.774e+01 1.456e-01 
 
1.771e+01 2.554e+00 
1.778e+01 1.826e-01 
 
1.774e+01 2.563e+00 
1.781e+01 2.311e-01 
 
1.778e+01 2.576e+00 
1.781e+01 2.311e-01 
 
1.781e+01 2.589e+00 
1.785e+01 2.935e-01 
 
1.785e+01 2.607e+00 
1.788e+01 3.718e-01 
 
1.788e+01 2.627e+00 
1.792e+01 4.672e-01 
 
1.792e+01 2.649e+00 
1.796e+01 5.804e-01 
 
1.796e+01 2.675e+00 
1.796e+01 5.804e-01 
 
1.799e+01 2.703e+00 
1.799e+01 7.096e-01 
 
1.799e+01 2.703e+00 
1.803e+01 8.507e-01 
 
1.803e+01 2.730e+00 
1.806e+01 9.952e-01 
 
1.806e+01 2.759e+00 
1.810e+01 1.128e+00 
 
1.810e+01 2.782e+00 
1.810e+01 1.128e+00 
 
1.813e+01 2.799e+00 
1.813e+01 1.230e+00 
 
1.817e+01 2.810e+00 
1.817e+01 1.289e+00 
 
1.820e+01 2.812e+00 
1.820e+01 1.306e+00 
 
1.824e+01 2.810e+00 
1.824e+01 1.290e+00 
 
1.827e+01 2.801e+00 
1.827e+01 1.248e+00 
 
1.831e+01 2.791e+00 
1.827e+01 1.248e+00 
 
1.834e+01 2.778e+00 
1.831e+01 1.187e+00 
 
1.837e+01 2.766e+00 
1.834e+01 1.117e+00 
 
1.841e+01 2.754e+00 
1.837e+01 1.043e+00 
 
1.844e+01 2.743e+00 
1.841e+01 9.696e-01 
 
1.848e+01 2.731e+00 
1.844e+01 8.968e-01 
 
1.851e+01 2.719e+00 
1.848e+01 8.262e-01 
 
1.855e+01 2.707e+00 
1.851e+01 7.592e-01 
 
1.858e+01 2.696e+00 
1.855e+01 6.967e-01 
 
1.862e+01 2.684e+00 
1.858e+01 6.384e-01 
 
1.865e+01 2.671e+00 
1.862e+01 5.835e-01 
 
1.869e+01 2.659e+00 
1.862e+01 5.835e-01 
 
1.872e+01 2.648e+00 
1.865e+01 5.303e-01 
 
1.872e+01 2.648e+00 
1.869e+01 4.779e-01 
 
1.876e+01 2.637e+00 
1.872e+01 4.261e-01 
 
1.879e+01 2.626e+00 
1.876e+01 3.758e-01 
 
1.883e+01 2.619e+00 
1.879e+01 3.288e-01 
 
1.887e+01 2.609e+00 
1.883e+01 2.864e-01 
 
1.890e+01 2.602e+00 
1.887e+01 2.497e-01 
 
1.894e+01 2.595e+00 
1.887e+01 2.497e-01 
 
1.897e+01 2.588e+00 
1.890e+01 2.186e-01 
 
1.901e+01 2.582e+00 
1.890e+01 2.186e-01 
 
1.904e+01 2.577e+00 
1.894e+01 1.925e-01 
 
1.908e+01 2.571e+00 
1.897e+01 1.706e-01 
 
1.911e+01 2.568e+00 
1.897e+01 1.706e-01 
 
1.915e+01 2.563e+00 
1.901e+01 1.519e-01 
 
1.918e+01 2.560e+00 
1.904e+01 1.359e-01 
 
1.921e+01 2.557e+00 
1.908e+01 1.221e-01 
 
1.925e+01 2.554e+00 
1.911e+01 1.102e-01 
 
1.928e+01 2.553e+00 
1.915e+01 1.000e-01 
 
1.932e+01 2.551e+00 
1.918e+01 9.141e-02 
 
1.935e+01 2.549e+00 
1.918e+01 9.141e-02 
 
1.939e+01 2.548e+00 
1.921e+01 8.424e-02 
 
1.942e+01 2.545e+00 
1.921e+01 8.424e-02 
 
1.946e+01 2.544e+00 
1.925e+01 7.832e-02 
 
1.949e+01 2.544e+00 
1.925e+01 7.832e-02 
 
1.953e+01 2.543e+00 
1.925e+01 7.832e-02 
 
1.956e+01 2.543e+00 
1.925e+01 7.832e-02 
 
1.960e+01 2.542e+00 
1.925e+01 7.832e-02 
 
1.963e+01 2.541e+00 
1.925e+01 7.832e-02 
 
1.967e+01 2.541e+00 
1.925e+01 7.832e-02 
 
1.971e+01 2.539e+00 
1.925e+01 7.832e-02 
 
1.974e+01 2.539e+00 
1.925e+01 7.832e-02 
 
1.978e+01 2.539e+00 
1.925e+01 7.832e-02 
 
1.981e+01 2.538e+00 
1.925e+01 7.832e-02 
 
1.985e+01 2.536e+00 
1.925e+01 7.832e-02 
 
1.988e+01 2.535e+00 
1.925e+01 7.832e-02 
 
1.992e+01 2.534e+00 
1.925e+01 7.832e-02 
 
1.995e+01 2.533e+00 
1.925e+01 7.832e-02 
 
1.999e+01 2.531e+00 
1.925e+01 7.832e-02 
 
2.002e+01 2.531e+00 
1.925e+01 7.832e-02 
 
2.005e+01 2.528e+00 
1.925e+01 7.832e-02 
 
2.009e+01 2.528e+00 
1.925e+01 7.832e-02 
 
2.012e+01 2.526e+00 
1.925e+01 7.832e-02 
 
2.016e+01 2.525e+00 
1.925e+01 7.832e-02 
 
2.019e+01 2.524e+00 
1.925e+01 7.832e-02 
 
2.023e+01 2.522e+00 
1.925e+01 7.832e-02 
 
2.026e+01 2.522e+00 
1.925e+01 7.832e-02 
 
2.030e+01 2.520e+00 
1.925e+01 7.832e-02 
 
2.033e+01 2.518e+00 
1.925e+01 7.832e-02 
 
2.037e+01 2.518e+00 
1.925e+01 7.832e-02 
 
2.040e+01 2.517e+00 
1.928e+01 7.363e-02 
 
2.044e+01 2.516e+00 
1.928e+01 7.363e-02 
 
2.047e+01 2.516e+00 
1.928e+01 7.363e-02 
 
2.051e+01 2.514e+00 
1.928e+01 7.363e-02 
 
2.054e+01 2.514e+00 
1.928e+01 7.363e-02 
 
2.058e+01 2.513e+00 
1.928e+01 7.363e-02 
 
2.062e+01 2.511e+00 
1.932e+01 7.004e-02 
 
2.065e+01 2.510e+00 
1.932e+01 7.004e-02 
 
2.069e+01 2.511e+00 
1.932e+01 7.004e-02 
 
2.072e+01 2.509e+00 
1.935e+01 6.735e-02 
 
2.076e+01 2.509e+00 
1.935e+01 6.735e-02 
 
2.079e+01 2.508e+00 
1.935e+01 6.735e-02 
 
2.083e+01 2.508e+00 
1.935e+01 6.735e-02 
 
2.086e+01 2.508e+00 
1.935e+01 6.735e-02 
 
2.090e+01 2.507e+00 
1.935e+01 6.735e-02 
 
2.093e+01 2.507e+00 
1.935e+01 6.735e-02 
 
2.096e+01 2.505e+00 
1.935e+01 6.735e-02 
 
2.100e+01 2.506e+00 
1.939e+01 6.556e-02 
 
2.103e+01 2.506e+00 
1.942e+01 6.455e-02 
 
2.103e+01 2.506e+00 
1.946e+01 6.416e-02 
 
2.103e+01 2.506e+00 
1.949e+01 6.443e-02 
 
2.103e+01 2.506e+00 
1.953e+01 6.515e-02 
 
2.103e+01 2.506e+00 
1.956e+01 6.628e-02 
 
2.103e+01 2.506e+00 
1.960e+01 6.766e-02 
 
2.103e+01 2.506e+00 
1.963e+01 6.914e-02 
 
2.103e+01 2.506e+00 
1.967e+01 7.065e-02 
 
2.103e+01 2.506e+00 
1.971e+01 7.208e-02 
 
2.103e+01 2.506e+00 
1.974e+01 7.318e-02 
 
2.103e+01 2.506e+00 
1.978e+01 7.379e-02 
 
2.107e+01 2.505e+00 
1.981e+01 7.376e-02 
 
2.110e+01 2.506e+00 
1.985e+01 7.300e-02 
 
2.114e+01 2.506e+00 
1.985e+01 7.300e-02 
 
2.117e+01 2.505e+00 
1.985e+01 7.300e-02 
 
2.121e+01 2.504e+00 
1.988e+01 7.136e-02 
 
2.121e+01 2.504e+00 
1.992e+01 6.886e-02 
 
2.121e+01 2.504e+00 
1.995e+01 6.552e-02 
 
2.121e+01 2.504e+00 
1.999e+01 6.150e-02 
 
2.121e+01 2.504e+00 
2.002e+01 5.717e-02 
 
2.121e+01 2.504e+00 
2.005e+01 5.272e-02 
 
2.121e+01 2.504e+00 
2.009e+01 4.837e-02 
 
2.121e+01 2.504e+00 
2.012e+01 4.432e-02 
 
2.121e+01 2.504e+00 
2.016e+01 4.061e-02 
 
2.121e+01 2.504e+00 
2.019e+01 3.710e-02 
 
2.121e+01 2.504e+00 
2.023e+01 3.387e-02 
 
2.121e+01 2.504e+00 
2.026e+01 3.078e-02 
 
2.121e+01 2.504e+00 
2.030e+01 2.789e-02 
 
2.121e+01 2.504e+00 
2.033e+01 2.506e-02 
 
2.121e+01 2.504e+00 
2.037e+01 2.237e-02 
 
2.121e+01 2.504e+00 
2.040e+01 1.979e-02 
 
2.121e+01 2.504e+00 
2.044e+01 1.742e-02 
 
2.121e+01 2.504e+00 
2.047e+01 1.522e-02 
 
2.124e+01 2.504e+00 
2.051e+01 1.317e-02 
 
2.124e+01 2.504e+00 
2.054e+01 1.142e-02 
 
2.128e+01 2.504e+00 
2.058e+01 9.951e-03 
 
2.131e+01 2.504e+00 
2.062e+01 8.659e-03 
 
2.135e+01 2.503e+00 
2.065e+01 7.549e-03 
 
2.138e+01 2.504e+00 
2.065e+01 7.549e-03 
 
2.142e+01 2.502e+00 
2.065e+01 7.549e-03 
 
2.146e+01 2.503e+00 
2.065e+01 7.549e-03 
 
2.149e+01 2.503e+00 
2.069e+01 6.646e-03 
 
2.153e+01 2.502e+00 
2.069e+01 6.646e-03 
 
2.156e+01 2.502e+00 
2.069e+01 6.646e-03 
 
2.160e+01 2.502e+00 
2.072e+01 5.938e-03 
 
2.163e+01 2.502e+00 
2.076e+01 5.276e-03 
 
2.167e+01 2.502e+00 
2.079e+01 4.743e-03 
 
2.170e+01 2.501e+00 
2.079e+01 4.743e-03 
 
2.174e+01 2.502e+00 
2.083e+01 4.282e-03 
 
2.177e+01 2.502e+00 
2.083e+01 4.282e-03 
 
2.180e+01 2.502e+00 
2.083e+01 4.282e-03 
 
2.184e+01 2.503e+00 
2.083e+01 4.282e-03 
 
2.187e+01 2.502e+00 
2.083e+01 4.282e-03 
 
2.191e+01 2.501e+00 
2.083e+01 4.282e-03 
 
2.194e+01 2.501e+00 
2.083e+01 4.282e-03 
 
2.198e+01 2.501e+00 
2.086e+01 3.969e-03 
 
2.201e+01 2.502e+00 
2.090e+01 3.639e-03 
 
2.205e+01 2.501e+00 
2.093e+01 3.413e-03 
 
2.208e+01 2.501e+00 
2.096e+01 3.167e-03 
 
2.208e+01 2.501e+00 
2.100e+01 3.028e-03 
 
2.208e+01 2.501e+00 
2.103e+01 2.870e-03 
 
2.212e+01 2.502e+00 
2.107e+01 2.722e-03 
 
2.215e+01 2.501e+00 
2.110e+01 2.622e-03 
 
2.219e+01 2.502e+00 
