0 -0.0 -0.004990214416257869 0.0 1.00082306 -0.16493479665294727
1 -0.0 -0.004805492756092321 0.0 1.00028981 -0.06030807134867278
2 -0.0 -0.004378564497526667 0.0 1.00111821 -0.25538278598651565
3 -0.0 -0.003977991723665922 0.0 1.00071874 -0.18067910893931788
4 -0.0 -0.003977991723665922 0.0 1.00033241 -0.08356226535675569
5 -0.0 -0.003977991723665922 0.0 1.00091094 -0.22899494601274564
6 -0.0 -0.003977991723665922 0.0 1.00021213 -0.053325902801147226
7 -0.0 -0.004052093426503106 0.0 1.000731 -0.18040057892517025
8 -0.0 -0.004052093426503106 0.0 1.00154204 -0.38055391070552586
9 -0.0 -0.0042736020956859735 0.0 1.00072739 -0.17020536393275004
10 -0.0 -0.004497652433003035 0.0 1.00057428 -0.12768438836801946
11 -0.0 -0.004606762573300886 0.0 1.00066245 -0.14379946642777086
12 -0.0 -0.004848121282032296 0.0 1.00055063 -0.1135759540588837
13 -0.0 -0.004879774936738086 0.0 0.999948892 0.01047343384941639
14 -0.0 -0.004866571989545746 0.0 1.00074757 -0.15361326239616546
15 -0.0 -0.004856977805145179 0.0 1.00035534 -0.07316072139008177
16 -0.0 -0.004872335344245004 0.0 1.00104888 -0.21527253891479603
17 -0.0 -0.003456401621258432 0.0 1.0009737 -0.2817091607674821
18 -0.0 -0.0013944545985908154 0.0 1.00080931 -0.5803774470806085
19 -0.0 -0.0013949024588286024 0.0 1.00058738 -0.4210903753752721
20 -0.0 -0.0014248506717166197 0.0 1.00065018 -0.4563144846727954
21 -0.0 -0.0014280116542678 0.0 1.00104954 -0.7349659905528197
22 -0.0 -0.0016369825180831382 0.0 1.00120823 -0.7380836304927902
23 -0.0 -0.0018423530164751857 0.0 1.00005102 -0.02769284688854791
24 -0.0 -0.001854257183152824 0.0 1.00060118 -0.3242160825705384
25 -0.0 -0.001873786225208484 0.0 1.00031207 -0.16654514575983004
26 -0.0 -0.0019104630725684615 0.0 1.00013997 -0.0732649596894909
27 -0.0 -0.0019405328192032573 0.0 1.00136408 -0.7029409585353799
28 -0.0 -0.0019746930557385796 0.0 0.999984001 0.008102018667432999
29 -0.0 -0.0020260467021841217 0.0 1.00103902 -0.5128312189841452
30 -0.0 -0.0019997319538352038 0.0 1.00037671 -0.18838024730143518
31 -0.0 -0.002054664751369007 0.0 1.00103384 -0.5031672438587483
32 -0.0 -0.0020952429096787327 0.0 1.00099022 -0.4726039140501727
33 -0.0 -0.0021267350899798936 0.0 1.00077228 -0.36312938251626387
34 -0.0 -0.0021267350899798936 0.0 1.00073681 -0.34645123573288955
35 -0.0 -0.0021395762908033036 0.0 0.999236819 0.3566972597707231
36 -0.0 -0.0021485331388191886 0.0 1.00012491 -0.058137339258673405
37 -0.0 -0.0021485331388191886 0.0 1.00114334 -0.5321491111039675
38 -0.0 -0.0021967158804055893 0.0 1.00088192 -0.4014720373566284
39 -0.0 -0.0021856746318413074 0.0 1.00089753 -0.4106420905127663
40 -0.0 -0.0022327829588221857 0.0 1.00046607 -0.2087395007018293
41 -0.0 -0.002241262324307629 0.0 1.00098233 -0.43829318386614685
42 -0.0 -0.002284284726723144 0.0 0.999711228 0.12641681512892763
43 -0.0 -0.0022814513829207553 0.0 1.00006603 -0.02894210259935778
44 -0.0 -0.002317753700571817 0.0 1.00078881 -0.3403338326265489
45 -0.0 -0.002330907892234253 0.0 0.999821276 0.07667570245714452
46 -0.0 -0.0023365869444490696 0.0 1.00052357 -0.22407469203906183
47 -0.0 -0.002352669992423636 0.0 1.0010502 -0.446386447475369
48 -0.0 -0.0023493302434206237 0.0 1.00089837 -0.3823940897691807
49 -0.0 -0.0023493302434206237 0.0 1.00061729 -0.26275148065234527
50 -0.0 -0.0023771921884756567 0.0 1.00036503 -0.15355510663782684
51 -0.0 -0.0024043987606485223 0.0 0.99977923 0.09181921219275394
52 -0.0 -0.0024189769708489856 0.0 1.00051536 -0.21304874176590463
53 -0.0 -0.002387556140170609 0.0 1.00065008 -0.27227841434276984
54 -0.0 -0.0024157053769203393 0.0 1.00021899 -0.09065261107263389
55 -0.0 -0.002427363410596971 0.0 1.00015501 -0.06385941195428346
56 -0.0 -0.0023312012237650284 0.0 0.999752077 0.1063498926959093
57 -0.0 -0.002102176938132397 0.0 1.00124717 -0.5932754647703814
58 -0.0 -0.0020994727401251476 0.0 1.00059506 -0.283433068039983
59 -0.0 -0.0020861422550073868 0.0 1.0003827 -0.18344865940060928
60 -0.0 -0.002063818839368804 0.0 1.00032069 -0.15538670055845638
61 -0.0 -0.00207270716686754 0.0 1.00027806 -0.13415305569686864
62 -0.0 -0.00207270716686754 0.0 1.00072737 -0.3509275268725781
63 -0.0 -0.002044081576917307 0.0 1.0007944 -0.388634195900348
64 -0.0 -0.002042197582998714 0.0 1.00029386 -0.14389401027910442
65 -0.0 -0.002024233641799508 0.0 1.000711 -0.3512440388886333
66 -0.0 -0.0020260467027191633 0.0 0.999779772 0.10869838276897582
67 -0.0 -0.0020015966219581196 0.0 1.00063788 -0.31868558979478845
68 -0.0 -0.0019767063862830454 0.0 0.99991307 0.043977193883357565
69 -0.0 -0.001954296370068755 0.0 1.00073118 -0.3741397728607199
70 -0.0 -0.0019400932126499998 0.0 1.00117206 -0.6041256122942142
71 -0.0 -0.0019443872533579033 0.0 1.00039002 -0.20058761408070183
72 -0.0 -0.0018936123632598589 0.0 1.00135091 -0.7134036649794511
73 -0.0 -0.0018800406835258845 0.0 1.00092486 -0.4919361629268135
74 -0.0 -0.0018492280836927498 0.0 1.00055401 -0.29958986935445747
75 -0.0 -0.0018450078730794322 0.0 1.001311 -0.7105660735267878
76 -0.0 -0.0018433928333691856 0.0 0.999920317 0.04322627199022752
77 -0.0 -0.0017943145303825664 0.0 1.00174846 -0.9744445415749724
78 -0.0 -0.001785376915689787 0.0 1.00176887 -0.9907543804646001
79 -0.0 -0.0017750786635666906 0.0 1.00060975 -0.34350590343685683
80 -0.0 -0.0017395322269459473 0.0 1.00149298 -0.8582652145636159
81 -0.0 -0.001714567433226152 0.0 1.00111865 -0.6524386141495366
82 -0.0 -0.001711702484904424 0.0 1.00163933 -0.9577190045917786
83 -0.0 -0.0016915558080781241 0.0 1.00107297 -0.6343095479770934
84 -0.0 -0.0016768730171689275 0.0 1.00181186 -1.0804992276988756
85 -0.0 -0.0016684702959568764 0.0 1.00142728 -0.8554422595706849
86 -0.0 -0.001647851311649704 0.0 1.00049292 -0.299128930210592
87 -0.0 -0.0015935534751475818 0.0 1.00146629 -0.9201385600594203
88 -0.0 -0.0015812843532165216 0.0 1.00132552 -0.838255306392998
89 -0.0 -0.0015812843532165216 0.0 1.00162849 -1.0298527248989404
90 -0.0 -0.0015812843532165216 0.0 1.00078404 -0.49582480115310423
91 -0.0 -0.0015812843532165216 0.0 1.0016939 -1.0712178341323815
92 -0.0 -0.0015812843532165216 0.0 1.00186113 -1.176973639316817
93 -0.0 -0.0015812843532165216 0.0 1.00197472 -1.2488076518199707
94 -0.0 -0.0015812843532165216 0.0 1.00258489 -1.6346775295297689
95 -0.0 -0.0015812843532165216 0.0 1.00259902 -1.643613303776249
96 -0.0 -0.0015812843532165216 0.0 1.00315818 -1.9972245937777695
97 -0.0 -0.0015812843532165216 0.0 1.00263943 -1.6691684798064261
98 -0.0 -0.0015812843532165216 0.0 1.0032955 -2.084065394877559
99 -0.0 -0.0015812843532165216 0.0 1.00259676 -1.6421840858147785
100 -0.0 -0.0015812843532165216 0.0 1.00408854 -2.585581771983855
101 -0.0 -0.0015812843532165216 0.0 1.00396436 -2.5070506717757035
102 -0.0 -0.0015812843532165216 0.0 1.00378485 -2.393529027401753
103 -0.0 -0.0015812843532165216 0.0 1.00412284 -2.6072730003390037
104 -0.0 -0.0015812843532165216 0.0 1.00434654 -2.7487402826434266
105 -0.0 -0.0015812843532165216 0.0 1.00500846 -3.167336722084289
106 -0.0 -0.0015812843532165216 0.0 1.00359578 -2.2739616645707588
107 -0.0 -0.0015812843532165216 0.0 1.00513541 -3.2476195628914075
108 -0.0 -0.0015812843532165216 0.0 1.00500688 -3.1663375343058657
109 -0.0 -0.0015812843532165216 0.0 1.00544464 -3.443175788671304
110 -0.0 -0.0015812843532165216 0.0 1.0054477 -3.44511092449544
111 -0.0 -0.0015812843532165216 0.0 1.00622065 -3.9339224392794327
112 -0.0 -0.0015812843532165216 0.0 1.00465456 -2.9435313076564333
113 -0.0 -0.0015812843532165216 0.0 1.00631188 -3.991616047525429
114 -0.0 -0.0015812843532165216 0.0 1.0072521 -4.58620866338711
115 -0.0 -0.0015812843532165216 0.0 1.00796644 -5.037955370768841
116 -0.0 -0.0015812843532165216 0.0 1.00720487 -4.556340537579128
117 -0.0 -0.0011624302779058048 0.0 1.00759209 -6.531221824054337
118 -0.0 -7.279932973730354E-4 0.0 1.00712159 -9.7824939126475
119 -0.0 -7.086185975088862E-4 0.0 1.00766119 -10.811443598760507
120 -0.0 -6.808386151563212E-4 0.0 1.00801661 -11.774611224364044
121 -0.0 -6.336000611717146E-4 0.0 1.00937146 -14.790812965941791
122 -0.0 -5.799813416344211E-4 0.0 1.00788976 -13.60347210095807
123 -0.0 -5.799813416344211E-4 0.0 1.01033031 -17.811452297566422
124 -0.0 -5.799813416344211E-4 0.0 1.01038194 -17.90047240268648
125 -0.0 -5.799813416344211E-4 0.0 1.0110713 -19.089062363283
126 -0.0 -5.799813416344211E-4 0.0 1.01124458 -19.387830595226013
127 -0.0 -5.799813416344211E-4 0.0 1.01137227 -19.607992850170586
128 -0.0 -5.799813416344211E-4 0.0 1.01082281 -18.660617545903744
129 -0.0 -5.799813416344211E-4 0.0 1.01265095 -21.812684463863853
130 -0.0 -5.799813416344211E-4 0.0 1.01280131 -22.07193418313272
131 -0.0 -5.799813416344211E-4 0.0 1.01409188 -24.29712645632413
132 -0.0 -5.799813416344211E-4 0.0 1.01309442 -22.577312509914915
133 -0.0 -5.799813416344211E-4 0.0 1.01398073 -24.10548236017662
134 -0.0 -5.799813416344211E-4 0.0 1.01473622 -25.408093230159015
135 -0.0 -5.799813416344211E-4 0.0 1.01487992 -25.655859821399716
136 -0.0 -5.799813416344211E-4 0.0 1.01484742 -25.599823535976267
137 -0.0 -5.678213909125688E-4 0.0 1.01679903 -29.585060141890118
138 -0.0 -5.080118439976274E-4 0.0 1.01585303 -31.20602440141922
139 -0.0 -4.8379539396782285E-4 0.0 1.01710485 -35.35554536746497
140 -0.0 -4.8500687640295353E-4 0.0 1.01714936 -35.35900382936397
141 -0.0 -4.4915399918619286E-4 0.0 1.0175477 -39.06833743391807
142 -0.0 -4.0501149652735183E-4 0.0 1.01769249 -43.68392046077417
143 -0.0 -4.027535269361558E-4 0.0 1.01829414 -45.42266864592857
144 -0.0 -3.812833559793756E-4 0.0 1.01795435 -47.08925715858178
145 -0.0 -3.7979947483430144E-4 0.0 1.01805908 -47.54898623248177
146 -0.0 -3.518294379964074E-4 0.0 1.01830373 -52.02444145730315
147 -0.0 -3.241674732779999E-4 0.0 1.01899162 -58.58582851621616
148 -0.0 -3.238576195404614E-4 0.0 1.01976687 -61.035679901705706
149 -0.0 -2.4062177829414663E-4 0.0 1.01899208 -78.92918145082996
150 -0.0 -2.430885783991462E-4 0.0 1.01902074 -78.2461279146087
151 -0.0 -3.045209611482201E-4 0.0 1.01885395 -61.9134719951944
152 -0.0 -3.303065364532582E-4 0.0 1.01866638 -56.512293702796484
153 -0.0 -3.303429515660929E-4 0.0 1.02067095 -62.57421235114276
154 -0.0 -3.516874379918699E-4 0.0 1.01903915 -54.13656543638088
155 -0.0 -4.052093403098475E-4 0.0 1.01869629 -46.139829811681416
156 -0.0 -4.195139457673456E-4 0.0 1.0188071 -44.83069082625953
157 -0.0 -4.5428968869284334E-4 0.0 1.01912223 -42.092590864260266
158 -0.0 -5.05759350759397E-4 0.0 1.01864632 -36.86796887097108
159 -0.0 -5.648372609969679E-4 0.0 1.0180578 -31.969916375784123
160 -0.0 -5.826814521932282E-4 0.0 1.01758115 -30.17283274390173
161 -0.0 -6.164812609984324E-4 0.0 1.01682039 -27.284511410384425
162 -0.0 -6.814650588274854E-4 0.0 1.01736889 -25.487572363408507
163 -0.0 -6.814650588274854E-4 0.0 1.01698075 -24.91800537685208
164 -0.0 -6.814650588274854E-4 0.0 1.01563696 -22.94609209590958
165 -0.0 -6.814650588274854E-4 0.0 1.01576807 -23.1384864062293
166 -0.0 -6.814650588274854E-4 0.0 1.01587866 -23.300769121340625
167 -0.0 -6.814650588274854E-4 0.0 1.01460278 -21.42850878535895
168 -0.0 -6.814650588274854E-4 0.0 1.01465589 -21.506443815647163
169 -0.0 -6.814650588274854E-4 0.0 1.01372202 -20.136058074070167
170 -0.0 -6.814650588274854E-4 0.0 1.01391899 -20.425097104683253
171 -0.0 -6.814650588274854E-4 0.0 1.01377968 -20.2206698956937
172 -0.0 -6.814650588274854E-4 0.0 1.01392103 -20.428090655083803
173 -0.0 -6.814650588274854E-4 0.0 1.01319661 -19.365057428925063
174 -0.0 -6.814650588274854E-4 0.0 1.01347554 -19.774366749170802
175 -0.0 -6.814650588274854E-4 0.0 1.01119782 -16.43197968105182
176 -0.0 -6.814650588274854E-4 0.0 1.01175572 -17.250657018610273
177 -0.0 -6.814650588274854E-4 0.0 1.01117082 -16.39235916104093
178 -0.0 -6.814650588274854E-4 0.0 1.01084045 -15.907565413040755
179 -0.0 -6.814650588274854E-4 0.0 1.01164711 -17.09127980829969
180 -0.0 -6.814650588274854E-4 0.0 1.01030234 -15.117928449223731
181 -0.0 -6.814650588274854E-4 0.0 1.01073975 -15.759795547666856
182 -0.0 -6.814650588274854E-4 0.0 1.01010233 -14.824428441543146
183 -0.0 -6.814650588274854E-4 0.0 1.00940099 -13.795263422860154
184 -0.0 -6.814650588274854E-4 0.0 1.00965123 -14.162472272027733
185 -0.0 -6.814650588274854E-4 0.0 1.00900412 -13.21288580149986
186 -0.0 -6.814650588274854E-4 0.0 1.0093383 -13.703270445101479
187 -0.0 -6.814650588274854E-4 0.0 1.00811635 -11.910148429275196
188 -0.0 -6.814650588274854E-4 0.0 1.00871673 -12.791162051650563
189 -0.0 -6.814650588274854E-4 0.0 1.00819308 -12.022744077439446
190 -0.0 -7.514791390841396E-4 0.0 1.00692219 -9.211420038134957
191 -0.0 -8.259652883093648E-4 0.0 1.00831031 -10.061330806055993
192 -0.0 -8.521675234818943E-4 0.0 1.00810172 -9.507191692657967
193 -0.0 -8.676802898233234E-4 0.0 1.00733885 -8.458011650229302
194 -0.0 -9.160186916719825E-4 0.0 1.00734046 -8.01343909980883
195 -0.0 -9.672491026878746E-4 0.0 1.00808408 -8.357805634076273
196 -0.0 -9.672491026878746E-4 0.0 1.00733144 -7.579681366079052
197 -0.0 -9.672491026878746E-4 0.0 1.00733259 -7.580870304892147
198 -0.0 -9.672491026878746E-4 0.0 1.00621757 -6.428095909029111
199 -0.0 -9.672491026878746E-4 0.0 1.00652163 -6.742451331179405
200 -0.0 -9.672491026878746E-4 0.0 1.00661994 -6.844090091791179
201 -0.0 -9.672491026878746E-4 0.0 1.00635398 -6.569124729444678
202 -0.0 -0.0010467051725103222 0.0 1.00542359 -5.181583259966586
203 -0.0 -0.0010940022306957058 0.0 1.00598184 -5.467849911234643
204 -0.0 -0.0011124838283984076 0.0 1.0054742 -4.920700742123193
205 -0.0 -0.0011541802993823473 0.0 1.00574643 -4.9787975094318
206 -0.0 -0.0012135124534727825 0.0 1.00558318 -4.6008427717591065
207 -0.0 -0.0012574374499294153 0.0 1.00552715 -4.3955665550682435
208 -0.0 -0.0012303629063097482 0.0 1.0059026 -4.797446322324333
209 -0.0 -0.0012610065582930913 0.0 1.0058482 -4.637723699007673
210 -0.0 -0.0013175083720627936 0.0 1.00505032 -3.83323560372742
211 -0.0 -0.0013300874158346354 0.0 1.00507366 -3.8145312402766764
212 -0.0 -0.00129666988796003 0.0 1.00531491 -4.098892130796434
213 -0.0 -0.001292858793161179 0.0 1.00525542 -4.064960557022498
214 -0.0 -0.0013319557866344324 0.0 1.00464497 -3.487330470433119
215 -0.0 -0.0013155920163290815 0.0 1.00509908 -3.875882444337091
216 -0.0 -0.0012426419783283307 0.0 1.0053783 -4.328117103556439
217 -0.0 -0.0012031541212778715 0.0 1.00445846 -3.705643293034317
218 -0.0 -0.0012031541212778715 0.0 1.00494471 -4.109789354956604
219 -0.0 -0.0012031541212778715 0.0 1.00522392 -4.341854387243095
220 -0.0 -0.0012031541212778715 0.0 1.00519226 -4.315540218974901
221 -0.0 -0.0012031541212778715 0.0 1.00575161 -4.780443251851321
222 -0.0 -0.0012031541212778715 0.0 1.00506098 -4.2064270158712755
223 -0.0 -0.0012031541212778715 0.0 1.00544691 -4.527192238858736
224 -0.0 -0.0012031541212778715 0.0 1.00505631 -4.2025455513793615
225 -0.0 -0.0012031541212778715 0.0 1.00419968 -3.490558628963879
226 -0.0 -0.0012031541212778715 0.0 1.00552671 -4.593517906193198
227 -0.0 -0.0012031541212778715 0.0 1.00435479 -3.6194781059095114
228 -0.0 -0.0012031541212778715 0.0 1.0057134 -4.748685059509983
229 -0.0 -0.0011151720068910233 0.0 1.00491803 -4.410108906616965
230 -0.0 -0.0011151720068910233 0.0 1.00482642 -4.327960144422596
231 -0.0 -0.0011151720068910233 0.0 1.00485006 -4.34915866792741
232 -0.0 -0.0011151720068910233 0.0 1.00526138 -4.717998629348885
233 -0.0 -0.0011151720068910233 0.0 1.00537321 -4.818279123576482
234 -0.0 -0.0011151720068910233 0.0 1.00577042 -5.174466328371385
235 -0.0 -0.0011151720068910233 0.0 1.00589643 -5.287462349811443
236 -0.0 -0.0011151720068910233 0.0 1.00462204 -4.144687968707037
237 -0.0 -0.0011151720068910233 0.0 1.00502312 -4.5043454901668865
238 -0.0 -8.929360210397413E-4 0.0 1.00518039 -5.801524272666199
239 -0.0 -4.888875264798739E-4 0.0 1.00515407 -10.54244528820491
240 -0.0 -1.4113735639999554E-4 0.0 1.00544725 -38.59538069114767
241 -0.0 -1.4113735639999554E-4 0.0 1.00531853 -37.68336134146418
242 -0.0 -1.4113735639999554E-4 0.0 1.00578555 -40.992336455581366
243 0.0 2.831362066473571E-4 0.0 1.00643365 22.72280919555087
244 0.0 7.834047283746834E-4 0.0 1.00569435 7.26872048859589
245 0.0 7.834047283746834E-4 0.0 1.00480865 6.138142681339689
246 0.0 7.834047283746834E-4 0.0 1.00654077 8.349158184901436
247 0.0 7.834047283746834E-4 0.0 1.00654442 8.35381733472249
248 0.0 7.834047283746834E-4 0.0 1.00698711 8.918902001646217
249 0.0 7.834047283746834E-4 0.0 1.00668099 8.528146126793152
250 0.0 7.834047283746834E-4 0.0 1.00612702 7.82101483190141
251 0.0 7.834047283746834E-4 0.0 1.00643587 8.215255495524518
252 0.0 7.834047283746834E-4 0.0 1.00654837 8.358859428364395
253 0.0 0.0013271443281115327 0.0 1.00706341 5.322262131090829
254 0.0 0.0013271443281115327 0.0 1.00663216 4.997316312565173
255 0.0 0.0013271443281115327 0.0 1.00732584 5.520002493191055
256 0.0 0.0013271443281115327 0.0 1.00849532 6.4012028082043155
257 0.0 0.0013271443281115327 0.0 1.00776994 5.854630755236888
258 0.0 0.0013271443281115327 0.0 1.00717443 5.405915429114601
259 0.0 0.0013271443281115327 0.0 1.00799111 6.021281808415723
260 0.0 0.0013271443281115327 0.0 1.00782579 5.8967135934158765
261 0.0 0.0013271443281115327 0.0 1.00805995 6.0731525797717785
262 0.0 0.0013271443281115327 0.0 1.0076322 5.750844002671705
263 0.0 0.0013271443281115327 0.0 1.0083969 6.327043579313144
264 0.0 0.0013271443281115327 0.0 1.0081221 6.119982452516982
265 0.0 0.0013271443281115327 0.0 1.00853589 6.431772203816214
266 0.0 0.0013271443281115327 0.0 1.00878026 6.615904400159629
267 0.0 0.0013271443281115327 0.0 1.009543 7.190627121602775
268 0.0 0.0013271443281115327 0.0 1.0091788 6.91620331381814
269 0.0 0.0013271443281115327 0.0 1.00904461 6.815091477556156
270 0.0 0.0013271443281115327 0.0 1.00909182 6.850664096901457
271 0.0 0.0013271443281115327 0.0 1.00986356 7.432168296296388
272 0.0 0.0013271443281115327 0.0 1.01043996 7.866484284234273
273 0.0 0.0013271443281115327 0.0 1.00966816 7.28493487498627
274 0.0 0.0013271443281115327 0.0 1.01069724 8.060344133950938
275 0.0 0.0013271443281115327 0.0 1.01146844 8.641441444668724
276 0.0 0.0013271443281115327 0.0 1.01066411 8.035380760112623
277 0.0 0.0013271443281115327 0.0 1.01132295 8.531815086089475
278 0.0 0.0013271443281115327 0.0 1.01180001 8.89127862739003
279 0.0 0.0013271443281115327 0.0 1.01123987 8.469214509618464
280 0.0 0.0013271443281115327 0.0 1.01187972 8.95133991711689
281 0.0 0.0013271443281115327 0.0 1.01199995 9.041932927578033
282 0.0 0.0013271443281115327 0.0 1.01158889 8.732200224590907
283 0.0 0.0013271443281115327 0.0 1.01237201 9.322279226107087
284 0.0 0.0013271443281115327 0.0 1.01244849 9.379906718746687
285 0.0 0.0013271443281115327 0.0 1.01348471 10.160695950219745
286 0.0 0.0013271443281115327 0.0 1.01318046 9.931444320570069
287 0.0 0.0013271443281115327 0.0 1.0142942 10.770644682134861
288 0.0 0.0013271443281115327 0.0 1.01471024 11.084129802922124
289 0.0 0.0013271443281115327 0.0 1.01399087 10.542086270231342
290 0.0 0.0013271443281115327 0.0 1.01521274 11.462762321899834
291 0.0 0.0013271443281115327 0.0 1.01478269 11.13872070043445
292 0.0 0.0013271443281115327 0.0 1.01409767 10.622559808593168
293 0.0 0.0013271443281115327 0.0 1.01525009 11.490905455400096
294 0.0 0.0013271443281115327 0.0 1.01524552 11.487461971595508
295 0.0 0.0013271443281115327 0.0 1.01643803 12.38601533519009
296 0.0 0.0013271443281115327 0.0 1.01639656 12.354767791783114
297 0.0 0.0013271443281115327 0.0 1.01633312 12.306965907198197
298 0.0 0.0013271443281115327 0.0 1.01648773 12.423464163435208
299 0.0 0.0013271443281115327 0.0 1.01762989 13.284078925377006
300 0.0 0.0013271443281115327 0.0 1.01834536 13.823183817621945
301 0.0 0.0013271443281115327 0.0 1.01817452 13.694456296144983
302 0.0 0.0013271443281115327 0.0 1.01908163 14.377961458911091
303 0.0 0.0013271443281115327 0.0 1.01870648 14.095286852951833
304 0.0 0.0013271443281115327 0.0 1.01846009 13.909632591556885
305 0.0 0.0013271443281115327 0.0 1.01799149 13.556543639530968
306 0.0 0.0013271443281115327 0.0 1.01994482 15.02837300927223
307 0.0 0.0013271443281115327 0.0 1.01965843 14.812578845869067
308 0.0 0.0013271443281115327 0.0 1.02067461 15.578267986435941
309 0.0 0.0013271443281115327 0.0 1.02072591 15.61692241076142
310 0.0 0.0013271443281115327 0.0 1.02074402 15.63056825139568
311 0.0 0.0013271443281115327 0.0 1.02148162 16.186348044426698
312 0.0 0.0013271443281115327 0.0 1.02119567 15.970885419945617
313 0.0 0.0013271443281115327 0.0 1.02105371 15.863918907718489
314 0.0 0.0013271443281115327 0.0 1.02187243 16.480822422022054
315 0.0 0.0013271443281115327 0.0 1.02199331 16.571905205890864
316 0.0 0.0013271443281115327 0.0 1.02178719 16.416594290842625
317 0.0 0.0013271443281115327 0.0 1.02215921 16.69691044946985
318 0.0 0.0013271443281115327 0.0 1.02254614 16.98846125657045
319 0.0 0.0013271443281115327 0.0 1.02199224 16.571098963512195
320 0.0 0.0013271443281115327 0.0 1.02209389 16.64769198949046
321 0.0 0.0013271443281115327 0.0 1.0229593 17.299776304412926
322 0.0 0.0013271443281115327 0.0 1.02337554 17.61341212471015
323 0.0 0.0013271443281115327 0.0 1.02292846 17.276538439964632
324 0.0 0.0013271443281115327 0.0 1.02311704 17.418633007982297
325 0.0 0.0013271443281115327 0.0 1.02341764 17.64513437157371
326 0.0 0.0013271443281115327 0.0 1.02340157 17.633025665942064
327 0.0 0.0013271443281115327 0.0 1.02274709 17.13987658928405
328 0.0 0.0013271443281115327 0.0 1.0219015 16.50272659580656
329 0.0 0.0013271443281115327 0.0 1.02183958 16.456070027497855
330 0.0 0.0013271443281115327 0.0 1.02201091 16.585166762774513
331 0.0 0.0013271443281115327 0.0 1.02222804 16.748773685850285
332 0.0 0.0013271443281115327 0.0 1.02224244 16.759624050573375
333 0.0 0.0013271443281115327 0.0 1.020909 15.754880277228509
334 0.0 0.0013271443281115327 0.0 1.0207614 15.643664038818287
335 0.0 0.0013271443281115327 0.0 1.02096676 15.79840229572834
336 0.0 0.0013271443281115327 0.0 1.01948596 14.682623123385207
337 0.0 0.0013271443281115327 0.0 1.01951157 14.701920195645954
338 0.0 0.0013271443281115327 0.0 1.01894855 14.27768600492977
339 0.0 0.0013271443281115327 0.0 1.01885818 14.209592431317857
340 0.0 0.0013271443281115327 0.0 1.01799369 13.558201334141383
341 0.0 0.0013271443281115327 0.0 1.01908659 14.381698806759978
342 0.0 0.0013271443281115327 0.0 1.01752035 13.20154080372762
343 0.0 0.0013271443281115327 0.0 1.01770871 13.343469602284076
344 0.0 0.0013271443281115327 0.0 1.01598533 12.044906994212395
345 0.0 0.0013271443281115327 0.0 1.01575 11.867586415722757
346 0.0 0.0013271443281115327 0.0 1.01479823 11.150430052364573
347 0.0 0.0013271443281115327 0.0 1.01474193 11.108008140288046
348 0.0 0.0013271443281115327 0.0 1.01399785 10.547345683131763
349 0.0 0.0013271443281115327 0.0 1.01272958 9.591707345133775
350 0.0 0.0013271443281115327 0.0 1.01223464 9.218771267635459
351 0.0 0.0013271443281115327 0.0 1.01128671 8.504508334870044
352 0.0 0.0013271443281115327 0.0 1.01216699 9.167797158364218
353 0.0 0.0013271443281115327 0.0 1.01100539 8.292534404046457
354 0.0 0.0013271443281115327 0.0 1.01045703 7.879346487416231
355 0.0 0.0013271443281115327 0.0 1.01008827 7.601486730802798
356 0.0 0.0013271443281115327 0.0 1.01044839 7.872836268582543
357 0.0 0.0013271443281115327 0.0 1.00988231 7.446296375362692
358 0.0 0.0013271443281115327 0.0 1.00913682 6.884571486660552
359 0.0 0.0013271443281115327 0.0 1.00863665 6.50769461697469
360 0.0 0.0013271443281115327 0.0 1.0088201 6.645923742559876
361 0.0 0.0013271443281115327 0.0 1.00757962 5.71122510148197
362 0.0 0.0013271443281115327 0.0 1.00770118 5.802820263684818
363 0.0 0.0013271443281115327 0.0 1.00791694 5.965394895117058
364 0.0 0.0013271443281115327 0.0 1.00713528 5.376416000024015
365 0.0 0.0013271443281115327 0.0 1.00751911 5.66563096471912
366 0.0 0.0013271443281115327 0.0 1.00665933 5.017788841004124
367 0.0 0.0013271443281115327 0.0 1.0075612 5.697345676607228
368 0.0 0.0013271443281115327 0.0 1.0074674 5.626667606397927
369 0.0 0.0013271443281115327 0.0 1.00657807 4.9565596300745165
370 0.0 0.0013271443281115327 0.0 1.00705725 5.317620586181502
371 0.0 0.001964858683239999 0.0 1.00711483 3.6210390399515866
372 0.0 0.001964858683239999 0.0 1.00778448 3.9618523542688497
373 0.0 0.001964858683239999 0.0 1.00791901 4.030320382604674
374 0.0 0.003922204539253078 0.0 1.00762473 1.9439909172743164
375 0.0 0.006066576011123089 0.0 1.00738662 1.2175929200353717
376 0.0 0.007035907644225633 0.0 1.00819859 1.165249803517315
377 0.0 0.008075310348580262 0.0 1.00831459 1.029631016157999
378 0.0 0.010974983279232135 0.0 1.00898481 0.818662750676071
379 0.0 0.014111315775773224 0.0 1.00831809 0.5894623954401699
380 0.0 0.015511520157622404 0.0 1.00945778 0.6097261844031703
381 0.0 0.01693283881982019 0.0 1.00852426 0.503415882635235
382 0.0 0.031082686115543885 0.0 1.00877339 0.2822597109975183
383 0.0 0.04623553207945502 0.0 1.00878173 0.18993465858484487
384 0.0 0.04825216092949315 0.0 1.0102191 0.2117853336129827
385 0.0 0.050370434850457474 0.0 1.01088032 0.2160060764276137
386 0.0 0.05266247942690852 0.0 1.01064658 0.2021663263078336
387 0.0 0.05509669597494429 0.0 1.01164922 0.2114322790843502
388 0.0 0.057547874093978185 0.0 1.0114641 0.19920979150817286
389 0.0 0.057547874093978185 0.0 1.01299388 0.22579252847430023
390 0.0 0.057547874093978185 0.0 1.01315424 0.22857907797807678
391 0.0 0.057547874093978185 0.0 1.01385079 0.24068291345360662
392 0.0 0.059953081356338526 0.0 1.01467239 0.24473120760537614
393 0.0 0.06227453616895005 0.0 1.01497994 0.24054679362620257
394 0.0 0.07004708879277874 0.0 1.01564289 0.2233196306883881
395 0.0 0.07637899588643572 0.0 1.0165739 0.21699552092361846
396 0.0 0.07883654702022794 0.0 1.01573034 0.19953106261698464
397 0.0 0.07883654702022794 0.0 1.01665143 0.21121460324394456
398 0.0 0.07883654702022794 0.0 1.01770656 0.22459837054325535
399 0.0 0.07883654702022794 0.0 1.01935227 0.2454733335166814
400 0.0 0.07883654702022794 0.0 1.018765 0.23802412344601018
401 0.0 0.07883654702022794 0.0 1.02032618 0.2578268679726013
402 0.0 0.07883654702022794 0.0 1.02083333 0.26425979811945166
403 0.0 0.07883654702022794 0.0 1.02191784 0.2780162352160892
404 0.0 0.07883654702022794 0.0 1.02231569 0.28306275253626134
405 0.0 0.07883654702022794 0.0 1.02167854 0.2749808409853062
406 0.0 0.07883654702022794 0.0 1.02319701 0.29424183169828794
407 0.0 0.07883654702022794 0.0 1.02491778 0.31606889116549686
408 0.0 0.07883654702022794 0.0 1.02463365 0.3124648520397454
409 0.0 0.07883654702022794 0.0 1.0245766 0.31174120289279256
410 0.0 0.07883654702022794 0.0 1.02519445 0.3195783041275981
411 0.0 0.07883654702022794 0.0 1.02663341 0.337830752444884
412 0.0 0.07883654702022794 0.0 1.02684583 0.3405251880591872
413 0.0 0.07883654702022794 0.0 1.02717502 0.3447007895085443
414 0.0 0.07883654702022794 0.0 1.0278253 0.35294924818130996
415 0.0 0.07883654702022794 0.0 1.02771311 0.3515261772295715
416 0.0 0.07883654702022794 0.0 1.02907188 0.3687614577099726
417 0.0 0.07883654702022794 0.0 1.02946934 0.3738030280859287
418 0.0 0.08203844922753026 0.0 1.03042924 0.3709143735226597
419 0.0 0.08821551355536555 0.0 1.03047816 0.3454965999928268
420 0.0 0.09566869744543169 0.0 1.0313594 0.3277916480245481
421 0.0 0.10122489186257663 0.0 1.03315774 0.32756508196635215
422 0.0 0.10122489186257663 0.0 1.0351952 0.3476931350816471
423 0.0 0.10122489186257663 0.0 1.03688013 0.36433854678816086
424 0.0 0.10122489186257663 0.0 1.03779479 0.3733744665423831
425 0.0 0.10695384510027012 0.0 1.03958317 0.37009581060774815
426 0.0 0.11255591456323454 0.0 1.04054848 0.36025188154123733
427 0.0 0.11773664376197056 0.0 1.04306925 0.36581007088221085
428 0.0 0.12225969803897184 0.0 1.04271877 0.34941007286295495
429 0.0 0.12582265686875205 0.0 1.04364268 0.3468586746306314
430 0.0 0.1283083717428074 0.0 1.04379991 0.3413643973894107
431 0.0 0.12947543554351496 0.0 1.04409989 0.34060429930107206
432 0.0 0.12947543554351496 0.0 1.04480544 0.34605359550956266
433 0.0 0.12932407920504757 0.0 1.0441663 0.3415164466779074
434 0.0 0.12796403496288747 0.0 1.04395989 0.3435331654925494
435 0.0 0.1254549777301132 0.0 1.0437682 0.3488757544093379
436 0.0 0.12197783485138755 0.0 1.04282474 0.3510862449081483
437 0.0 0.11770012010139609 0.0 1.04265182 0.36237703039942765
438 0.0 0.11770012010139609 0.0 1.04088811 0.3473922538462647
439 0.0 0.10550852840694233 0.0 1.03991817 0.37834069532310344
440 0.0 0.09448230258038898 0.0 1.03930486 0.4160023509858696
441 0.0 0.09150597862973396 0.0 1.03855353 0.4213225253401351
442 0.0 0.08975264109030331 0.0 1.03794653 0.42279012114886483
443 0.0 0.08942078924895161 0.0 1.03825481 0.42780666913481175
444 0.0 0.09085158591595821 0.0 1.03758871 0.4137375217067903
445 0.0 0.09419749047971075 0.0 1.03889517 0.4129108939306364
446 0.0 0.09972570250624022 0.0 1.04010417 0.40214477303371743
447 0.0 0.11261585388468277 0.0 1.04249189 0.3773171230714207
448 0.0 0.1304025647424799 0.0 1.04376461 0.33561157394738905
449 0.0 0.14544559520192626 0.0 1.0476183 0.32739595815115646
450 0.0 0.16278327575879553 0.0 1.05080603 0.3121084138599219
451 0.0 0.18192501602534508 0.0 1.05467533 0.30053772259875944
452 0.0 0.20244968579186506 0.0 1.05948323 0.2938173490728643
453 0.0 0.22369029102467386 0.0 1.06423183 0.28714625791655385
454 0.0 0.22369029102467386 0.0 1.06883574 0.30772788432023224
455 0.1819479952105326 0.22369029102467386 0.0407 1.0740378 0.33098352038816603
456 0.18422793323405523 0.22369029102467386 0.04121 1.07831431 0.3501015159900782
457 0.16753058772020482 0.24473142820029184 0.041 1.08237709 0.3366020073751272
458 0.1665199239210762 0.27384110517377236 0.0456 1.08731809 0.31886407245029974
459 0.15385113809661477 0.29788534922127047 0.04583 1.09004013 0.30226437867918715
460 0.15500115582102905 0.3091589849518959 0.04792 1.09366534 0.3029681961679815
461 0.1530812281238827 0.3159760382955384 0.04837 1.09488165 0.30028115584908827
462 0.15053656346933536 0.3181286917696597 0.04789 1.09492923 0.29839883184360266
463 0.15082071925737336 0.315606504427096 0.0476 1.09586628 0.3037525483640495
464 0.15199306518437394 0.315606504427096 0.04797 1.09409294 0.2981337161311105
465 0.15019023680814012 0.3088749374518978 0.04639 1.09241583 0.2992014527381077
466 0.14902689270324443 0.2984025177828314 0.04447 1.090489 0.3032447603738226
467 0.1448023953198763 0.28494003782778893 0.04126 1.08746828 0.3069708303080374
468 0.1539023132354055 0.2693266860557126 0.04145 1.0845852 0.31406171159178353
469 0.1571868905942198 0.2523111173589078 0.03966 1.08077039 0.3201222001054584
470 0.1603349322572171 0.2344467264294988 0.03759 1.07698909 0.3283862870363077
471 0.16524001524647328 0.2164124709542063 0.03576 1.07339718 0.3391541147161111
472 0.0 0.2164124709542063 0.0 1.06961592 0.32168164659388293
473 0.0 0.19866063281281382 0.0 1.06612639 0.3328610659481135
474 0.0 0.18146952640643638 0.0 1.06158323 0.3393585205158493
475 0.0 0.16510829993490855 0.0 1.05791282 0.35075656416322704
476 0.0 0.14978973471573398 0.0 1.05677285 0.379016960726592
477 0.0 0.13567145473632503 0.0 1.05229311 0.38543929599362386
478 0.0 0.12268325618724181 0.0 1.04987488 0.40653371576541664
479 0.0 0.12268325618724181 0.0 1.0473545 0.3859899180351597
480 0.0 0.12268325618724181 0.0 1.04516118 0.368112009768261
481 0.0 0.11087448721364457 0.0 1.04325664 0.39014060932384426
482 0.0 0.11087448721364457 0.0 1.03993625 0.3601933231316476
483 0.0 0.10030651941608218 0.0 1.03723004 0.3711627142156721
484 0.0 0.09085039003330932 0.0 1.03552789 0.3910593007578073
485 0.0 0.08252156711421858 0.0 1.03390991 0.4109217891253214
486 0.0 0.07526472341235661 0.0 1.0323183 0.4293950543461926
487 0.0 0.06903776964849077 0.0 1.03099242 0.44891977475227635
488 0.0 0.06371609908701366 0.0 1.03003917 0.47145337568417556
489 0.0 0.05921245718357806 0.0 1.02982698 0.5037281244304136
490 0.0 0.055496152914227485 0.0 1.02775535 0.5001310639117196
491 0.0 0.0524910813449617 0.0 1.02753039 0.5244774787372976
492 0.0 0.048599650592586696 0.0 1.02726889 0.5610923055516687
493 0.0 0.04678316155684839 0.0 1.02701425 0.577435322902956
494 0.0 0.04811285546347098 0.0 1.02700863 0.5613599471456442
495 0.0 0.05232266048778043 0.0 1.02780006 0.5313196947714921
496 0.0 0.06094447712904827 0.0 1.02814995 0.46189501208441297
497 0.0 0.0718041206071593 0.0 1.02949293 0.4107414693002919
498 0.0 0.0826921753021528 0.0 1.03204098 0.3874729366221662
499 0.0 0.09767327841719749 0.0 1.0347937 0.3562253726283632
500 0.0 0.1180869449975935 0.0 1.0392536 0.3324126981250981
501 0.0 0.14572297158032085 0.0 1.04605627 0.3160536015738213
502 0.0 0.18269784064090722 0.0 1.05398 0.2954605254809643
503 0.0 0.23116975743737664 0.0 1.06305381 0.27275977056419726
504 0.11601863624944746 0.23116975743737664 0.02682 1.07563001 0.32716221550082314
505 0.10124668680263048 0.2935404697038229 0.02972 1.08937119 0.3044595182741718
506 0.09498777621493143 0.3718373185206533 0.03532 1.10723433 0.2883904456567982
507 0.08565832061858804 0.46732179327028983 0.04003 1.1265385 0.270773804736328
508 0.07919890330813327 0.580437330314385 0.04597 1.14883214 0.256413797367904
509 0.09103480641291631 0.580437330314385 0.05284 1.1747367 0.30104318050211637
510 0.0791169826468363 0.7802370355243627 0.06173 1.20276899 0.25988126783001014
511 0.07007349366602769 0.9952408014988217 0.06974 1.23043314 0.23153506131678903
512 0.06824921740775815 1.1279250213241185 0.07698 1.25863645 0.22930287484568418
513 0.07365737830912635 1.1279250213241185 0.08308 1.28200967 0.25002519198389367
514 0.07163842682649199 1.2299265059714684 0.08811 1.29868021 0.24284394925214225
515 0.0705434633422448 1.288992568437546 0.09093 1.3095439 0.24014405325487176
516 0.0702418666888557 1.3064857801474101 0.09177 1.31227659 0.23902027465217873
517 0.07061143825925628 1.2903008669145273 0.09111 1.30971813 0.24003559010281322
518 0.07117113267561631 1.2479778902047782 0.08882 1.30100742 0.24119611602302363
519 0.06906372354550068 1.2479778902047782 0.08619 1.2906779 0.23291911041172625
520 0.06922873850138932 1.1872237134344226 0.08219 1.2783937 0.23449135731517498
521 0.07067914640338119 1.1170197153968904 0.07895 1.26615666 0.23827391435560422
522 0.07164010170125831 1.043549607337965 0.07476 1.2543441 0.2437297644611425
523 0.07365333607328974 0.9696777336593766 0.07142 1.24272151 0.2503115226581679
524 0.07595037611239157 0.8969014175676476 0.06812 1.23094783 0.25749522241398526
525 0.07840066456938576 0.826268506214877 0.06478 1.21897982 0.2650225905415941
526 0.08031435373761912 0.7592665216384237 0.06098 1.20743207 0.27320060095943877
527 0.08339640215815734 0.6967926492775687 0.05811 1.19602782 0.28132877148351204
528 0.08482011500096194 0.6385277831724913 0.05416 1.18351279 0.28739985140227803
529 0.08602003892794723 0.5835849486425938 0.0502 1.1707873 0.2926519959043625
530 0.08021111598042249 0.5835849486425938 0.04681 1.15861786 0.27179909346349984
531 0.0869936742379667 0.5041745895227191 0.04386 1.14836305 0.2942691938132959
532 0.09580261729215565 0.4261887738983846 0.04083 1.13690798 0.32123788420725186
533 0.10012603205025751 0.3759262124869473 0.03764 1.12636914 0.3361541063178395
534 0.10545317093689573 0.32886635548164667 0.03468 1.11905761 0.3620242935025453
535 0.11347822403665744 0.28648668302649966 0.03251 1.10932219 0.3815960617963102
536 0.12127246765429192 0.24976815089099091 0.03029 1.10172548 0.4072796296770328
537 0.11386559855028268 0.24976815089099091 0.02844 1.09471754 0.3792218489912215
538 0.12281522168493077 0.21870253240193988 0.02686 1.08835089 0.4039774438351058
539 0.1128016202147149 0.21870253240193988 0.02467 1.08208421 0.37532354609018703
540 0.12096581424024921 0.19261640279396675 0.0233 1.07725261 0.4010697369456829
541 0.12315363283483396 0.17068112012733497 0.02102 1.07087098 0.4152244838042276
542 0.0 0.17068112012733497 0.0 1.06829698 0.40014372971684076
543 0.0 0.15197884707273143 0.0 1.06315319 0.4155393412727838
544 0.0 0.13597351987911194 0.0 1.05965623 0.43873417451455116
545 0.0 0.12213447147388934 0.0 1.056579 0.4632516874001108
546 0.0 0.1102769468575103 0.0 1.05435441 0.49289005135617076
547 0.0 0.10008911876880103 0.0 1.05271858 0.5267163968320708
548 0.0 0.09148644588730666 0.0 1.05071876 0.554385510422775
549 0.0 0.09148644588730666 0.0 1.04900814 0.5356874400866811
550 0.0 0.08432072769940503 0.0 1.04768868 0.565562955884411
551 0.0 0.08432072769940503 0.0 1.04533275 0.5376228507136082
552 0.0 0.07839646179122572 0.0 1.04446133 0.5671343959170396
553 0.0 0.07839646179122572 0.0 1.04371566 0.55762286972105
554 0.0 0.07839646179122572 0.0 1.04290163 0.5472393653969936
555 0.0 0.07839646179122572 0.0 1.04280789 0.5460436481687123
556 0.0 0.07839646179122572 0.0 1.04218217 0.5380621655137136
557 0.0 0.07839646179122572 0.0 1.04113255 0.5246735510785968
558 0.0 0.07839646179122572 0.0 1.04128675 0.5266404765810608
559 0.0 0.07839646179122572 0.0 1.03930489 0.5013605091601085
560 0.0 0.07839646179122572 0.0 1.03899602 0.49742066298666066
561 0.0 0.07839646179122572 0.0 1.03861044 0.4925023287762889
562 0.0 0.07839646179122572 0.0 1.03753583 0.47879494995526717
563 0.0 0.07839646179122572 0.0 1.03629134 0.4629206366053346
564 0.0 0.07839646179122572 0.0 1.03514112 0.4482488009928668
565 0.0 0.07839646179122572 0.0 1.03448086 0.4398267372298568
566 0.0 0.07839646179122572 0.0 1.03283225 0.418797599404858
567 0.0 0.07839646179122572 0.0 1.03147896 0.40153546832037307
568 0.0 0.07839646179122572 0.0 1.03068145 0.3913626877920406
569 0.0 0.07839646179122572 0.0 1.02824658 0.36030427081291355
570 0.0 0.07839646179122572 0.0 1.0280991 0.3584230634646427
571 0.0 0.07839646179122572 0.0 1.02609976 0.33292012679736843
572 0.0 0.07839646179122572 0.0 1.02533681 0.3231881824905997
573 0.0 0.07839646179122572 0.0 1.02386405 0.30440213059042587
574 0.0 0.07839646179122572 0.0 1.02243287 0.28614645976932057
575 0.0 0.07839646179122572 0.0 1.02186339 0.2788823564285784
576 0.0 0.07839646179122572 0.0 1.02045476 0.26091432613977167
577 0.0 0.07839646179122572 0.0 1.0183737 0.23436899549025764
578 0.0 0.07839646179122572 0.0 1.01787645 0.2280262347503124
579 0.0 0.07370991467407156 0.0 1.0167672 0.22747550413185022
580 0.0 0.07370991467407156 0.0 1.01575049 0.21368210870471274
581 0.0 0.07370991467407156 0.0 1.0159337 0.21616766306751442
582 0.0 0.07370991467407156 0.0 1.01396639 0.18947776648170314
583 0.0 0.07370991467407156 0.0 1.01351638 0.18337261764263796
584 0.0 0.07370991467407156 0.0 1.01317308 0.17871517092711903
585 0.0 0.07012331827113572 0.0 1.01107645 0.15795672927473717
586 0.0 0.07012331827113572 0.0 1.00998696 0.14241995738685456
587 0.0 0.07012331827113572 0.0 1.01064486 0.15180200056764334
588 0.0 0.06742990087028208 0.0 1.00948356 0.14064324398524633
589 0.0 0.06742990087028208 0.0 1.00932586 0.13830451890980058
590 0.0 0.06742990087028208 0.0 1.00844564 0.1252506661139422
591 0.0 0.06742990087028208 0.0 1.00794581 0.11783807921185831
592 0.0 0.06742990087028208 0.0 1.00788516 0.11693862660674961
593 0.0 0.06742990087028208 0.0 1.00746258 0.11067167389666205
594 0.0 0.06742990087028208 0.0 1.00667232 0.09895194733914714
595 0.0 0.06742990087028208 0.0 1.00542657 0.08047720566042882
596 0.0 0.06563605801141367 0.0 1.00631107 0.09615248372933245
597 0.0 0.06835782425751948 0.0 1.00551966 0.08074657231930353
598 0.0 0.07384182819023644 0.0 1.00537418 0.07277961734851243
599 0.0 0.07307466417074927 0.0 1.00562484 0.07697387410302485
600 0.0 0.07307466417074927 0.0 1.00595709 0.0815205935956206
601 0.0 0.07307466417074927 0.0 1.0049192 0.06731744929413028
602 0.0 0.041186180791371124 0.0 1.00388627 0.09435859128783745
603 0.0 0.01237301934226083 0.0 1.00406535 0.3285657192917026
604 0.0 0.010029545138862433 0.0 1.00377596 0.37648367375794056
605 0.0 0.008737206040589305 0.0 1.003771 0.4316025034183151
606 0.0 0.007628073749082084 0.0 1.00328595 0.43077061235746356
607 0.0 0.007628073749082084 0.0 1.00408019 0.5348912627504453
608 0.0 0.007628073749082084 0.0 1.00234642 0.3076032137579196
609 0.0 0.007628073749082084 0.0 1.0033585 0.4402815324647567
610 0.0 0.006724566921517459 0.0 1.00255611 0.3801151850866243
611 0.0 0.006724566921517459 0.0 1.00227109 0.33773029943875393
612 0.0 0.006724566921517459 0.0 1.00231464 0.34420655292961455
613 0.0 0.006016744760044538 0.0 1.00231805 0.38526646757453636
614 0.0 0.005354671874195681 0.0 1.0021726 0.4057391472425773
615 0.0 0.00482206296465144 0.0 1.00190061 0.3941487313485267
616 0.0 0.00482206296465144 0.0 1.00145532 0.3018044373680705
617 0.0 0.004360093493429747 0.0 1.00227896 0.5226860395159233
618 0.0 0.004360093493429747 0.0 1.00158065 0.36252662984907386
619 0.0 0.004360093493429747 0.0 1.00179586 0.4118856631643992
620 0.0 0.004360093493429747 0.0 1.00272645 0.6253191598089446
621 0.0 0.004360093493429747 0.0 1.00163875 0.37585203217989566
622 0.0 0.004360093493429747 0.0 1.00131079 0.300633461639124
623 0.0 0.004360093493429747 0.0 1.00120495 0.27635875281475714
624 0.0 0.004047181781501789 0.0 1.00114748 0.2835256882319189
625 0.0 0.003717990410575298 0.0 1.0015321 0.41207744797890905
626 0.0 0.0034920598901779956 0.0 1.00085853 0.2458520263110815
627 0.0 0.00310035111864504 0.0 1.0010166 0.3278983447669383
628 0.0 0.002800775815428901 0.0 1.00174296 0.6223132856255259
629 0.0 0.002701031541451752 0.0 1.0008834 0.32706023104238474
630 0.0 0.0026056188530839642 0.0 1.00161918 0.6214185923945172
631 0.0 0.0026056188530839642 0.0 1.00155527 0.596890830045737
632 0.0 0.0026056188530839642 0.0 1.00109224 0.4191864050673454
633 0.0 0.0026056188530839642 0.0 1.0020887 0.8016137884203233
634 0.0 0.002563746868221277 0.0 1.00091095 0.35531979045652873
635 0.0 0.0024541657872497514 0.0 1.00043879 0.17879395201403653
636 0.0 0.002384375418587299 0.0 0.999552323 -0.187754410027124
637 0.0 0.002293730451814799 0.0 1.00040621 0.17709578720488678
638 0.0 0.002263884070505741 0.0 0.999852066 -0.06534521883312182
639 0.0 0.002201969276027116 0.0 1.00109642 0.4979270201164224
640 0.0 0.002201969276027116 0.0 1.0003392 0.15404392953746504
641 0.0 0.002201969276027116 0.0 1.00113216 0.514157945946793
642 0.0 0.0021654915988678566 0.0 1.00010476 0.048377005967003395
643 0.0 0.0021654915988678566 0.0 1.00134069 0.6191157706180204
644 0.0 0.0021512932298774485 0.0 1.00010176 0.04730178042988016
645 0.0 0.002088324294530066 0.0 1.00102627 0.4914322946336491
646 0.0 0.0020323743214236594 0.0 1.00085767 0.4220039541727937
647 0.0 0.00196993164521704 0.0 1.00103622 0.5260182517073404
648 0.0 0.0018836094796116358 0.0 1.00053618 0.28465560712226734
649 0.0 0.0018259342327184725 0.0 0.999947326 -0.02884769837605439
650 0.0 0.0017720580040651007 0.0 1.00060294 0.3402484560984502
651 0.0 0.0016858858812172594 0.0 1.00060137 0.35670860447911135
652 0.0 0.0016282048065043829 0.0 1.00086685 0.5323961681829374
653 0.0 0.0015829338307126123 0.0 1.00160618 1.014685496535844
654 0.0 0.001497382996691655 0.0 0.999814644 -0.12378663335269219
655 0.0 0.0014212990139662275 0.0 1.00033552 0.23606573754218835
656 0.0 0.001385079200258421 0.0 1.00018564 0.13402843676040416
657 0.0 0.0012796132579034622 0.0 0.999452063 -0.4282051601260733
658 0.0 0.0012361071236763616 0.0 1.00018465 0.1493802571502319
659 0.0 0.0011207844193686688 0.0 1.00072445 0.6463776507601497
660 0.0 0.0010879256843809026 0.0 1.00035398 0.325371489139466
661 0.0 0.0010879256843809026 0.0 0.999445289 -0.5098794963331582
662 0.0 0.0010211990309745185 0.0 0.999282413 -0.7026906393705
663 0.0 9.191381388481781E-4 0.0 0.999715495 -0.3095345389067623
664 0.0 8.690610287795765E-4 0.0 0.999897313 -0.11815856033062397
665 0.0 8.177861258858758E-4 0.0 0.999908192 -0.1122640713677051
666 0.0 7.750343095437215E-4 0.0 1.00029961 0.38657643450169477
667 0.0 7.411443716732837E-4 0.0 0.999488678 -0.6899087674991353
668 0.0 7.411443716732837E-4 0.0 1.00035255 0.4756832993333578
669 0.0 6.574760736531163E-4 0.0 1.00048036 0.7306121382198099
670 0.0 6.574760736531163E-4 0.0 1.00127278 1.9358575178685542
671 0.0 6.213209891599131E-4 0.0 0.999749467 -0.40322635863105544
672 0.0 6.213209891599131E-4 0.0 0.999843144 -0.2524556593720151
673 0.0 5.727952194897581E-4 0.0 1.00095872 1.6737569857061663
674 0.0 5.130770655131341E-4 0.0 0.999392582 -1.1838728347611585
675 0.0 4.918777526713516E-4 0.0 1.00005151 0.10472114203231468
676 0.0 4.7151632195711754E-4 0.0 1.00055231 1.171348634777972
677 0.0 4.6553785344517816E-4 0.0 0.999756553 -0.5229370677344417
678 0.0 3.996172368169499E-4 0.0 0.999804072 -0.4902891616003024
679 0.0 3.997945947014239E-4 0.0 0.999919494 -0.20136840534350897
680 0.0 3.7819538291513196E-4 0.0 0.999769296 -0.6100127352739169
681 0.0 3.562225924822994E-4 0.0 0.99988893 -0.31179942638116065
682 0.0 2.914535889855156E-4 0.0 0.999633582 -1.257208742137826
683 0.0 2.787348736125022E-4 0.0 0.99952338 -1.709940323659094
684 0.0 2.848744438715617E-4 0.0 0.999779398 -0.7743832581185104
685 0.0 2.681035408042686E-4 0.0 1.00036317 1.3545886000256286
686 0.0 2.953781625356966E-4 0.0 1.00019774 0.6694469161241712
687 0.0 2.815557951838036E-4 0.0 0.999856253 -0.5105453429084342
688 0.0 2.406697928696599E-4 0.0 0.999879336 -0.5013674485744076
689 0.0 2.4935451451663885E-4 0.0 1.00007757 0.31108319875554213
690 0.0 2.1964321998006462E-4 0.0 1.000172 0.7830881372785927
691 0.0 2.517062551207737E-4 0.0 0.999697508 -1.2017659229598636
692 0.0 2.3821397435159683E-4 0.0 0.999797504 -0.8500592820013082
693 0.0 2.3338848879658018E-4 0.0 1.00035662 1.5280102366610602
694 0.0 2.17902093612634E-4 0.0 1.00036939 1.695210880610358
695 0.0 1.7436280607365526E-4 0.0 1.00051652 2.9623290174724426
696 0.0 2.2052379641193927E-4 0.0 1.00025461 1.154569276162975
697 0.0 2.1293942547756314E-4 0.0 0.999281757 -3.372992100402218
698 0.0 2.5917946592241047E-4 0.0 1.0005144 1.9847251331010491
699 0.0 2.5786049162908315E-4 0.0 1.00026385 1.0232277086464172
700 0.0 2.5001924516237123E-4 0.0 1.0005641 2.256226314233215
701 0.0 1.8101382928090918E-4 0.0 0.999466146 -2.949244276642946
702 0.0 1.820348446976044E-4 0.0 0.99964656 -1.941606292944471
703 0.0 1.9400932335221293E-4 0.0 0.99963973 -1.8569726123213244
704 0.0 1.6527052604700676E-4 0.0 1.00059845 3.6210328260818576
705 0.0 1.627558382329246E-4 0.0 0.998999646 -6.146347872131908
706 0.0 1.3228306610524006E-4 0.0 1.00062557 4.729025554202692
707 0.0 1.473488538285682E-4 0.0 0.999260239 -5.020473392080937
708 0.0 1.605188133980248E-4 0.0 1.00044849 2.7940027122417743
709 0.0 1.1746695252767062E-4 0.0 1.00040571 3.453822468956306
710 0.0 9.166448017577784E-5 0.0 1.0003152 3.438627474846587
711 0.0 8.349768040513789E-5 0.0 1.00029953 3.5872852820173162
712 0.0 8.349768040513789E-5 0.0 0.999835879 -1.9655755609453152
713 0.0 8.349768040513789E-5 0.0 0.999620953 -4.539611138427472
714 0.0 1.2195468717451809E-4 0.0 1.0002383 1.9540044382132231
715 0.0 8.18154102413782E-5 0.0 1.00006822 0.8338282457874898
716 0.0 1.1542326454160139E-4 0.0 1.00043275 3.7492441555759237
717 0.0 6.916710215712023E-5 0.0 1.00003213 0.464527195702394
718 0.0 8.739698356181397E-5 0.0 0.999381255 -7.079706584637521
719 0.0 1.458684524421679E-4 0.0 0.999845667 -1.0580286375574903
720 0.0 1.326139684459877E-4 0.0 0.999441188 -4.2138245808363886
721 0.0 2.4787975490829424E-4 0.0 1.00050637 2.0428049890053597
722 0.0 2.9235808900351365E-4 0.0 1.00053669 1.835728239397013
723 0.0 3.066587114693846E-4 0.0 1.0006384 2.0817931339402462
724 0.0 3.6100468416010357E-4 0.0 1.00035516 0.9838099492429564
725 0.0 3.8773552957734937E-4 0.0 0.999943387 -0.1460093173863886
726 0.0 3.8871823228366027E-4 0.0 1.00056379 1.4503821873437033
727 0.0 4.165469087710882E-4 0.0 1.00106341 2.552917756939543
728 0.0 4.3713492444675216E-4 0.0 0.9998022 -0.4524918713606923
729 0.0 4.1678123950297634E-4 0.0 1.00031395 0.753272868938155
730 0.0 4.452547276257812E-4 0.0 1.00094096 2.113307151206581
731 0.0 4.181344841119108E-4 0.0 1.00030929 0.7396902474016643
732 0.0 3.41358172033925E-4 0.0 1.00022567 0.6610944705247572
733 0.0 3.318567539030379E-4 0.0 1.00016032 0.4831000065975273
734 0.0 3.318567539030379E-4 0.0 0.999492235 -1.5300728221683504
735 0.0 2.888181370717386E-4 0.0 0.999661464 -1.1721424541835908
736 0.0 2.553518562313272E-4 0.0 0.999093474 -3.550105385483187
737 0.0 2.553518562313272E-4 0.0 0.99988809 -0.4382580242479689
738 0.0 2.01376763470649E-4 0.0 1.00145514 7.225957826122826
739 0.0 2.3268602987999362E-4 0.0 1.00064624 2.7773046810473083
740 0.0 1.86713762731461E-4 0.0 1.00072703 3.893821158998358
741 0.0 1.4908923548712062E-4 0.0 1.00019329 1.2964718704765197
742 0.0 1.0805582442644158E-4 0.0 1.00125739 11.636485184154745
743 0.0 6.62663059177655E-5 0.0 1.00037765 5.698974686600886
744 0.0 6.62663059177655E-5 0.0 1.00001678 0.2532206944017973
745 0.0 2.4181960488398337E-5 0.0 1.00069954 28.928175626441412
746 0.0 2.5188231467927064E-5 0.0 1.00019835 7.874709276535705
747 -0.0 -9.823258639908458E-6 0.0 1.00079509 -80.93953637439884
748 -0.0 -1.5201403776031632E-5 0.0 1.00009348 -6.149432077284994
749 -0.0 -1.5201403776031632E-5 0.0 1.00055246 -36.342696249609
750 -0.0 -1.2074177044097024E-5 0.0 0.999819789 14.925323634217333
751 -0.0 -1.0709126763908596E-4 0.0 0.999974783 0.23547204693670237
752 -0.0 -6.385116827788775E-5 0.0 1.00021565 -3.377385344953543
753 -0.0 -9.314953171792858E-5 0.0 0.999842148 1.6946086264605067
754 -0.0 -9.782045371346108E-5 0.0 1.00017171 -1.7553588588233882
755 -0.0 -9.782045371346108E-5 0.0 0.999509018 5.019216138970014
756 -0.0 -1.2963035602263855E-4 0.0 1.00062013 -4.783833193296498
757 -0.0 -1.1296745117026867E-4 0.0 1.00074772 -6.618897675870418
758 -0.0 -1.6021787154108907E-4 0.0 1.00027937 -1.7436881248808966
759 -0.0 -1.797668028876283E-4 0.0 0.99902155 5.442884805664538
760 -0.0 -1.4407473620249377E-4 0.0 0.99984701 1.061879438633818
761 -0.0 -1.6699536595781553E-4 0.0 1.00007371 -0.4413894935175229
762 -0.0 -1.2767358062929537E-4 0.0 0.999958369 0.326073724844167
763 -0.0 -1.0161201106407351E-4 0.0 1.00032818 -3.2297362936056806
764 -0.0 -1.2840197256847348E-4 0.0 1.00066118 -5.149297840011364
765 -0.0 -8.02581272074638E-5 0.0 0.999615349 4.792673507140925
766 -0.0 -2.455813372512893E-6 0.0 0.999222809 316.4698949434826
767 0.0 2.2516728259920358E-5 0.0 1.000427 18.963678695719423
768 0.0 1.1364792761933153E-4 0.0 0.999832465 -1.474157985187041
769 0.0 1.50566596261872E-4 0.0 1.00106289 7.0592682997988065
770 0.0 1.940093233530348E-4 0.0 0.999993577 -0.03310665636563166
771 0.0 2.219824796779657E-4 0.0 0.999531232 -2.1117342264128394
772 0.0 2.4316155317483088E-4 0.0 1.00055791 2.2944005444759075
773 0.0 2.6866863223804426E-4 0.0 0.999037029 -3.5842330828809708
774 0.0 2.996093292558649E-4 0.0 1.00050038 1.6701082080550165
775 0.0 2.996093292558649E-4 0.0 0.999740426 -0.8663748910779401
776 0.0 2.7071300612695957E-4 0.0 1.00058695 2.168163282575001
777 0.0 3.430425108793424E-4 0.0 1.00099028 2.886755922644841
778 0.0 3.6936199341080047E-4 0.0 1.00049859 1.3498681751090453
779 0.0 2.9469770251476393E-4 0.0 0.999923494 -0.25960840327943635
780 0.0 2.896252689327004E-4 0.0 0.999501077 -1.7226501052155023
781 0.0 2.985695075598532E-4 0.0 1.00069056 2.3128952639665408
782 0.0 2.7037473671415575E-4 0.0 0.999130279 -3.2167243529099676
783 0.0 2.7037473671415575E-4 0.0 0.999861705 -0.5114937944300711
784 0.0 2.7037473671415575E-4 0.0 0.999799151 -0.7428541676668853
785 0.0 2.7037473671415575E-4 0.0 1.00001567 0.057956598277115384
786 0.0 2.0628839021578145E-4 0.0 1.00029408 1.4255770753378862
787 0.0 1.809940073293139E-4 0.0 0.999417314 -3.2193662574684963
788 0.0 1.427246842444636E-4 0.0 1.00087111 6.1034291623164325
789 0.0 1.439526479960427E-4 0.0 0.998942028 -7.34944452031964
790 0.0 9.82325657870245E-5 0.0 1.00019132 1.947622954437552
791 0.0 5.6815502519485575E-5 0.0 0.999744034 -4.505214046328459
792 0.0 2.2478496066479483E-5 0.0 0.999733624 -11.850258985842002
793 -0.0 -2.7842919201234844E-5 0.0 0.999108989 32.00134991450467
794 -0.0 -1.2279072010199514E-5 0.0 0.999827872 14.017997439628733
795 -0.0 -3.789782264111168E-5 0.0 1.00087512 -23.09156407974117
796 -0.0 -5.755949612496301E-5 0.0 0.998949288 18.254364105600114
797 -0.0 -8.138511650102064E-5 0.0 0.999885774 1.4035244392451358
798 -0.0 -4.174884277591276E-5 0.0 1.00001258 -0.3013257173965757
799 -0.0 -8.799478121199701E-5 0.0 0.999519942 5.4555280823233625
800 -0.0 -8.72173430827393E-5 0.0 0.999729909 3.096757943471733
801 -0.0 -7.889013540942587E-5 0.0 0.999227071 9.797536738765478
802 -0.0 -6.13953549050076E-5 0.0 0.999622041 6.156149770366606
803 -0.0 -7.759753134125338E-5 0.0 1.0009819 -12.653753064409278
804 -0.0 -8.871359753452119E-5 0.0 0.999552948 5.039272585310117
805 -0.0 -6.780767829491383E-5 0.0 1.00028576 -4.214271999655638
806 -0.0 -1.0805582442615168E-4 0.0 0.999413659 5.426278528842393
807 -0.0 -1.3999019359674328E-4 0.0 1.00044177 -3.1557210448073434
808 -0.0 -1.8730285944655237E-4 0.0 0.999483866 2.755611961958471
809 -0.0 -2.259349074893996E-4 0.0 0.999229559 3.4100131252898938
810 -0.0 -2.772299869263949E-4 0.0 1.00035244 -1.2712910457751883
811 -0.0 -2.772299869263949E-4 0.0 0.999722683 1.0003138660235458
812 -0.0 -3.833670110975334E-4 0.0 0.999652373 0.9067733788695145
813 -0.0 -3.833670110975334E-4 0.0 0.999939202 0.15858954537056077
814 -0.0 -4.972246207173532E-4 0.0 0.999522146 0.9610425149715894
815 -0.0 -6.188651757922297E-4 0.0 0.999825169 0.2825025657264282
816 -0.0 -8.07514315012826E-4 0.0 1.00056988 -0.7057212354074132
817 -0.0 -8.07514315012826E-4 0.0 1.00010308 -0.12765098783206694
818 -0.0 -9.762940044952737E-4 0.0 0.99924448 0.7738652460439923
819 -0.0 -0.0011738518428384434 0.0 0.999988256 0.01000466973041337
820 -0.0 -0.0013728001282487115 0.0 1.00014036 -0.10224358019191006
821 -0.0 -0.0016051442869965263 0.0 0.99986591 0.08353766143408752
822 -0.0 -0.0016051442869965263 0.0 0.999883455 0.0726071798929037
823 -0.0 -0.0018040555414560425 0.0 1.00086378 -0.47879900599004227
824 -0.0 -0.0020051625938295368 0.0 0.999553022 0.22291359382801296
825 -0.0 -0.0020051625938295368 0.0 0.999541362 0.2287285836128065
826 -0.0 -0.002124279272484504 0.0 0.999693138 0.14445464114568382
827 -0.0 -0.002124279272484504 0.0 0.999976571 0.011029152477000708
828 -0.0 -0.002124279272484504 0.0 1.00042358 -0.19939939417884608
829 -0.0 -0.0022569083539575965 0.0 0.999962857 0.016457469322972384
830 -0.0 -0.0022569083539575965 0.0 0.998902734 0.486181017530434
831 -0.0 -0.0022569083539575965 0.0 0.999773063 0.10055215560793054
832 -0.0 -0.0022569083539575965 0.0 1.00012359 -0.054760752594734875
833 -0.0 -0.0023040139335956927 0.0 1.00002751 -0.01194003195852018
834 -0.0 -0.0022805564067028628 0.0 0.999101495 0.39398499303028267
835 -0.0 -0.0017472951878808889 0.0 0.998559405 0.8244714516424618
836 -0.0 -9.185656112252615E-4 0.0 0.999926496 0.08002041345952476
837 -0.0 -6.458791331881735E-4 0.0 1.00051365 -0.7952726347800787
838 -0.0 -3.606433390312194E-4 0.0 0.999910727 0.24753819172081623
839 -0.0 -5.261186560540987E-5 0.0 0.999161797 15.931824320516935
840 0.0 2.713004703976721E-4 0.0 0.999436663 -2.0764320798053095
841 0.0 0.0011091594405671912 0.0 1.00102436 0.9235462121443235
842 0.0 0.0018909769248761938 0.0 1.000347 0.1835030324459491
843 0.0 0.0020577348361119014 0.0 0.999893372 -0.05181814397501627
844 0.0 0.002226400502455634 0.0 0.999658257 -0.1534957432964447
845 0.0 0.0022847819396548774 0.0 0.999739792 -0.11388745485240691
846 0.0 0.0022847819396548774 0.0 0.999506165 -0.2161409767072096
847 0.0 0.0022847819396548774 0.0 0.999998374 -7.116652892583808E-4
848 0.0 0.0022847819396548774 0.0 0.999203452 -0.348631957463859
849 0.0 0.002306009523825109 0.0 0.99997515 -0.010776191400434926
850 0.0 0.002306009523825109 0.0 0.999902972 -0.042076148861281866
851 0.0 0.002306009523825109 0.0 0.999986065 -0.006042906525774309
852 0.0 0.00227803057124255 0.0 0.999142718 -0.376325941724483
853 0.0 0.00227803057124255 0.0 0.999605193 -0.17331066798840428
854 0.0 0.00227803057124255 0.0 1.00001477 0.006483670669917958
855 0.0 0.00227803057124255 0.0 0.999548943 -0.1980030495174627
856 0.0 0.002227539645111672 0.0 1.00016756 0.07522200575314802
857 0.0 0.002227539645111672 0.0 1.00060126 0.2699211218617414
858 0.0 0.002227539645111672 0.0 0.99993546 -0.028973670633263303
859 0.0 0.002227539645111672 0.0 0.999073985 -0.4157120175311532
860 0.0 0.002227539645111672 0.0 0.999822243 -0.07979970205697022
861 0.0 0.002138119042093903 0.0 1.00019323 0.09037382680564417
862 0.0 0.0020456932188238474 0.0 1.00056843 0.2778666883037168
863 0.0 0.0018768240205644848 0.0 1.00051114 0.2723430616825929
864 0.0 0.0017085470523240701 0.0 0.999921875 -0.045725986822411226
865 0.0 0.0015189512650303487 0.0 0.9993294 -0.4414888189230792
866 0.0 0.0013531536161243301 0.0 0.999699461 -0.22210264704523394
867 0.0 0.0012375266694284845 0.0 0.998976435 -0.8271054073305003
868 0.0 7.672993650116857E-4 0.0 0.999275038 -0.9448228853793073
869 0.0 3.9000082305903975E-4 0.0 1.00015479 0.3968965982839441
870 0.0 2.750511903783593E-4 0.0 0.99942951 -2.074122999486806
871 0.0 2.307542243219207E-4 0.0 0.999462014 -2.331424274380592
872 0.0 1.536681009653643E-4 0.0 1.00006668 0.43392219713195285
873 0.0 1.0568784102316423E-4 0.0 0.999624028 -3.557381779778647
874 0.0 7.3674452653099736E-6 0.0 0.999497633 -68.18740851260492
875 -0.0 -3.251597394027278E-5 0.0 1.00028679 -8.819972624128827
876 -0.0 -7.594215722928605E-5 0.0 0.99934228 8.66080216834204
877 -0.0 -1.1727003788772382E-4 0.0 0.999380284 5.284521188552171
878 -0.0 -1.2033489643793705E-4 0.0 1.00010564 -0.8778833333221087
879 -0.0 -1.2413562101989088E-4 0.0 0.999760043 1.93302291500651
880 -0.0 -1.1619474617101437E-4 0.0 1.00030388 -2.6152645452030616
881 -0.0 -1.727926330023956E-4 0.0 1.00019152 -1.1083805870204277
882 -0.0 -1.7436280607404758E-4 0.0 0.999443377 3.1923264630396564
883 -0.0 -2.3401968224791983E-4 0.0 1.00028454 -1.2158806356234553
884 -0.0 -2.1316345950509716E-4 0.0 0.999768568 1.085702026685497
885 -0.0 -2.1868079318188325E-4 0.0 1.00001056 -0.04828956327778514
886 -0.0 -2.2347908896912838E-4 0.0 0.999683921 1.4143560431447464
887 -0.0 -1.5570532787224142E-4 0.0 0.999446772 3.5530447644922507
888 -0.0 -1.480124906890453E-4 0.0 0.999721501 1.8815912001986188
889 -0.0 -1.7457874474482112E-4 0.0 0.999820078 1.0306065624600724
890 -0.0 -1.7681861944689441E-4 0.0 0.99985118 0.8416534438826222
891 -0.0 -1.798074990645606E-4 0.0 0.999313406 3.8184947990045512
892 -0.0 -2.2147969702963004E-4 0.0 0.999517062 2.1805068657619655
893 -0.0 -1.8611432439816445E-4 0.0 0.999247313 4.044218533065247
894 -0.0 -1.9892095009558825E-4 0.0 0.999119937 4.42418457973927
895 -0.0 -2.052747534573838E-4 0.0 0.998786784 5.910205612556672
896 -0.0 -1.8430225214388E-4 0.0 0.99978064 1.1902187707872018
897 -0.0 -1.5328939140171085E-4 0.0 0.999847734 0.9933237949971864
898 -0.0 -2.0383257683838772E-4 0.0 0.999488386 2.509971702931646
899 -0.0 -2.0114439011319172E-4 0.0 0.99879371 5.997134691756645
900 -0.0 -1.7915824859985062E-4 0.0 0.999997493 0.013993215604824458
901 -0.0 -1.9986459518152072E-4 0.0 0.999985829 0.07090300304131854
902 -0.0 -2.2102327559757342E-4 0.0 0.999468242 2.4058914092298744
903 -0.0 -2.1318034454260358E-4 0.0 0.999554266 2.0908775663928627
904 -0.0 -1.9496888844310013E-4 0.0 0.999676928 1.6570438626382225
905 -0.0 -2.2913591168774667E-4 0.0 0.998702548 5.662368637213316
906 -0.0 -2.428479594065649E-4 0.0 0.999725883 1.1287597419795652