0 -4.309e-02 
1 3.516e-03 
2 2.407e-02 
3 -2.185e-02 
4 -1.980e-03 
5 -1.628e-02 
6 1.812e-02 
7 2.132e-02 
8 -3.880e-02 
9 -7.169e-03 
10 4.172e-02 
11 -5.444e-03 
12 -6.219e-02 
13 1.284e-03 
14 2.088e-02 
15 -1.181e-02 
16 2.431e-02 
17 5.615e-02 
18 1.750e-03 
19 -1.446e-02 
20 1.060e-02 
21 -7.920e-03 
22 -2.685e-02 
23 3.533e-03 
24 4.281e-03 
25 -1.726e-02 
26 -3.904e-02 
27 -1.294e-02 
28 2.955e-02 
29 -1.209e-02 
30 -1.649e-02 
31 3.225e-02 
32 8.229e-03 
33 -1.192e-02 
34 4.020e-02 
35 7.239e-02 
36 3.710e-02 
37 -2.762e-02 
38 -5.712e-02 
39 -4.509e-02 
40 -9.736e-02 
41 -8.668e-02 
42 7.617e-03 
43 3.103e-02 
44 1.243e-02 
45 5.607e-02 
46 -5.536e-03 
47 -2.458e-02 
48 5.940e-03 
49 -4.034e-03 
50 1.596e-03 
51 4.474e-02 
52 3.018e-02 
53 1.885e-03 
54 8.925e-03 
55 -6.547e-02 
56 -1.846e-02 
57 2.460e-02 
58 2.016e-02 
59 -1.645e-02 
60 5.328e-02 
61 4.046e-02 
62 -3.656e-03 
63 1.258e-04 
64 4.443e-02 
65 2.665e-02 
66 -2.521e-02 
67 -1.584e-02 
68 -2.841e-02 
69 -3.821e-02 
70 -2.589e-02 
71 -2.924e-02 
72 -9.541e-03 
73 2.650e-02 
74 1.343e-02 
75 -1.951e-02 
76 1.284e-02 
77 3.428e-02 
78 -2.270e-02 
79 -3.143e-02 
80 2.622e-02 
81 3.513e-02 
82 -1.936e-02 
83 3.066e-02 
84 6.959e-02 
85 6.586e-03 
86 -1.590e-02 
87 2.686e-02 
88 -3.825e-02 
89 -6.276e-02 
90 3.533e-02 
91 2.188e-02 
92 -1.828e-02 
93 8.174e-02 
94 4.667e-02 
95 -4.358e-02 
96 -1.685e-02 
97 5.364e-03 
98 -4.019e-02 
99 -2.579e-02 
100 -4.333e-04 
101 1.243e-02 
102 -6.792e-03 
103 -2.475e-02 
104 1.530e-02 
105 -8.062e-03 
106 -3.037e-02 
107 -2.501e-02 
108 -5.180e-03 
109 -1.024e-02 
110 -1.012e-03 
111 2.874e-02 
112 4.987e-02 
113 2.405e-02 
114 -2.922e-03 
115 -1.159e-02 
116 1.867e-03 
117 -1.930e-02 
118 -6.140e-02 
119 1.931e-03 
120 5.433e-02 
121 -1.732e-02 
122 -6.941e-03 
123 6.511e-02 
124 -1.744e-02 
125 -3.541e-02 
126 -9.728e-03 
127 -3.265e-02 
128 -1.788e-02 
129 1.347e-02 
130 1.087e-02 
131 -7.328e-03 
132 -1.848e-02 
133 -2.353e-02 
134 -8.726e-03 
135 2.998e-03 
136 5.368e-02 
137 5.372e-02 
138 1.314e-02 
139 2.428e-02 
140 5.980e-03 
141 -2.150e-02 
142 2.083e-02 
143 4.275e-02 
144 5.644e-03 
145 -5.957e-03 
146 1.036e-04 
147 1.056e-02 
148 -2.804e-02 
149 -5.622e-02 
150 4.288e-03 
151 3.953e-02 
152 -1.569e-02 
153 -1.902e-03 
154 2.486e-02 
155 -3.052e-02 
156 -5.202e-02 
157 8.005e-03 
158 3.450e-02 
159 -1.578e-02 
160 2.123e-03 
161 -1.251e-02 
162 -6.496e-02 
163 -7.358e-02 
164 -7.889e-04 
165 3.741e-02 
166 5.694e-02 
167 8.932e-02 
168 6.727e-02 
169 3.034e-02 
170 -4.183e-02 
171 -3.783e-02 
172 -2.122e-02 
173 5.687e-03 
174 3.142e-02 
175 4.517e-03 
176 -3.096e-02 
177 -4.037e-02 
178 -3.747e-02 
179 -3.138e-02 
180 2.246e-02 
181 3.926e-02 
182 7.043e-03 
183 -1.977e-02 
184 -2.870e-02 
185 4.141e-03 
186 2.018e-02 
187 1.561e-02 
188 4.836e-02 
189 5.036e-02 
190 -1.931e-03 
191 -2.673e-03 
192 7.067e-03 
193 -3.622e-02 
194 -3.027e-02 
195 -1.544e-02 
196 -3.802e-02 
197 -8.089e-03 
198 -7.786e-04 
199 -5.950e-03 
200 -2.400e-04 
201 -7.583e-03 
202 5.233e-03 
203 -9.845e-04 
204 -4.668e-02 
205 2.111e-03 
206 2.324e-02 
207 -3.157e-02 
208 -4.414e-03 
209 5.200e-02 
210 1.795e-02 
211 1.081e-02 
212 2.878e-02 
213 3.154e-03 
214 1.383e-02 
215 -2.009e-02 
216 5.922e-03 
217 2.594e-02 
218 -2.285e-03 
219 2.443e-03 
220 5.238e-02 
221 1.233e-02 
222 2.665e-04 
223 1.257e-02 
224 -3.042e-02 
225 -4.699e-02 
226 -3.921e-02 
227 -1.398e-02 
228 3.952e-03 
229 -5.437e-03 
230 3.705e-03 
231 2.421e-03 
232 -3.412e-02 
233 -3.457e-03 
234 5.122e-02 
235 6.801e-02 
236 4.533e-02 
237 3.484e-02 
238 3.624e-02 
239 -3.135e-02 
240 -6.607e-02 
241 -3.295e-02 
242 -4.230e-02 
243 -4.571e-02 
244 2.338e-03 
245 -4.464e-02 
246 -3.999e-02 
247 5.373e-02 
248 3.080e-02 
249 1.077e-02 
250 5.424e-02 
251 4.225e-02 
252 -2.292e-02 
253 -5.029e-02 
254 -3.468e-02 
255 2.054e-02 
256 1.972e-02 
257 2.222e-02 
258 8.977e-02 
259 5.978e-02 
260 -1.311e-02 
261 -2.181e-02 
262 -3.959e-02 
263 -2.447e-02 
264 2.881e-02 
265 9.912e-03 
266 -1.037e-02 
267 1.521e-02 
268 -2.521e-02 
269 -4.559e-02 
270 -1.830e-02 
271 -3.963e-03 
272 6.381e-03 
273 5.400e-02 
274 4.235e-02 
275 3.318e-02 
276 5.974e-02 
277 3.160e-02 
278 -3.586e-02 
279 -4.545e-02 
280 -2.085e-02 
281 -1.609e-02 
282 2.033e-02 
283 3.393e-02 
284 2.987e-02 
285 3.981e-02 
286 3.081e-02 
287 -1.759e-02 
288 -3.398e-03 
289 4.682e-02 
290 2.150e-02 
291 1.094e-02 
292 4.345e-02 
293 7.056e-02 
294 3.308e-02 
295 3.042e-03 
296 3.487e-02 
297 4.960e-02 
298 1.275e-02 
299 -6.038e-03 
300 5.103e-02 
301 4.933e-02 
302 4.195e-02 
303 4.334e-02 
304 7.375e-02 
305 6.817e-02 
306 3.422e-02 
307 1.599e-02 
308 1.948e-02 
309 1.591e-02 
310 5.015e-02 
311 9.711e-02 
312 8.369e-02 
313 6.757e-02 
314 5.977e-02 
315 3.281e-02 
316 9.896e-03 
317 4.635e-02 
318 4.714e-02 
319 3.900e-02 
320 1.735e-02 
321 1.132e-02 
322 1.437e-02 
323 1.851e-02 
324 7.047e-03 
325 2.613e-02 
326 1.369e-02 
327 -3.901e-02 
328 8.970e-03 
329 4.923e-02 
330 1.541e-05 
331 -1.168e-02 
332 4.934e-03 
333 -3.162e-02 
334 -5.603e-02 
335 -1.201e-02 
336 1.385e-03 
337 -4.408e-02 
338 -3.627e-02 
339 -3.195e-02 
340 -8.607e-02 
341 -1.090e-01 
342 -3.119e-02 
343 -2.485e-02 
344 -8.123e-02 
345 -4.464e-02 
346 -5.521e-03 
347 -6.319e-02 
348 -6.310e-02 
349 -5.769e-03 
350 -5.837e-03 
351 -4.416e-02 
352 -3.402e-02 
353 -4.905e-02 
354 -7.977e-02 
355 -6.040e-02 
356 -2.570e-02 
357 -8.506e-03 
358 -1.753e-02 
359 2.013e-02 
360 -7.443e-03 
361 -3.548e-02 
362 1.689e-02 
363 1.183e-02 
364 -5.138e-02 
365 -2.266e-02 
366 1.612e-02 
367 -1.897e-02 
368 -3.635e-02 
369 -1.451e-02 
370 1.079e-02 
371 -4.961e-03 
372 -3.947e-03 
373 2.937e-02 
374 3.981e-02 
375 1.439e-02 
376 2.939e-02 
377 2.137e-02 
378 -8.754e-05 
379 6.259e-02 
380 7.141e-02 
381 2.855e-02 
382 5.477e-02 
383 1.083e-01 
384 8.778e-02 
385 7.566e-02 
386 9.380e-02 
387 1.014e-01 
388 5.996e-02 
389 2.212e-02 
390 4.917e-02 
391 4.834e-02 
392 -1.876e-02 
393 7.061e-03 
394 -8.735e-03 
395 -5.381e-02 
396 -1.856e-02 
397 -1.503e-02 
398 -7.027e-02 
399 -2.990e-02 
400 -2.861e-02 
401 -1.079e-01 
402 -4.489e-02 
403 -2.002e-02 
404 -1.617e-02 
405 -2.574e-02 
406 -1.927e-02 
407 -2.047e-02 
408 -1.163e-02 
409 1.890e-02 
410 9.146e-02 
411 1.494e-01 
412 1.511e-01 
413 2.651e-01 
414 3.310e-01 
415 4.627e-01 
416 7.204e-01 
417 1.009e+00 
418 1.378e+00 
419 1.870e+00 
420 2.356e+00 
421 2.922e+00 
422 3.644e+00 
423 4.284e+00 
424 4.970e+00 
425 5.701e+00 
426 6.308e+00 
427 6.872e+00 
428 7.455e+00 
429 7.841e+00 
430 7.995e+00 
431 7.935e+00 
432 7.469e+00 
433 6.551e+00 
434 5.278e+00 
435 3.819e+00 
436 2.247e+00 
437 7.241e-01 
438 -5.425e-01 
439 -1.459e+00 
440 -2.206e+00 
441 -2.738e+00 
442 -3.045e+00 
443 -3.327e+00 
444 -3.596e+00 
445 -3.776e+00 
446 -3.885e+00 
447 -4.007e+00 
448 -4.061e+00 
449 -4.086e+00 
450 -4.048e+00 
451 -3.929e+00 
452 -3.812e+00 
453 -3.662e+00 
454 -3.424e+00 
455 -3.224e+00 
456 -3.036e+00 
457 -2.812e+00 
458 -2.602e+00 
459 -2.425e+00 
460 -2.215e+00 
461 -2.031e+00 
462 -1.895e+00 
463 -1.743e+00 
464 -1.615e+00 
465 -1.459e+00 
466 -1.322e+00 
467 -1.168e+00 
468 -1.087e+00 
469 -1.016e+00 
470 -9.411e-01 
471 -9.026e-01 
472 -8.528e-01 
473 -7.318e-01 
474 -5.769e-01 
475 -5.570e-01 
476 -5.502e-01 
477 -4.869e-01 
478 -4.131e-01 
479 -4.597e-01 
480 -4.358e-01 
481 -3.328e-01 
482 -3.144e-01 
483 -3.237e-01 
484 -2.881e-01 
485 -2.541e-01 
486 -2.393e-01 
487 -2.251e-01 
488 -2.600e-01 
489 -2.894e-01 
490 -2.589e-01 
491 -2.251e-01 
492 -2.427e-01 
493 -2.183e-01 
494 -1.538e-01 
495 -1.489e-01 
496 -1.535e-01 
497 -1.619e-01 
498 -1.851e-01 
499 -1.657e-01 
500 -1.549e-01 
501 -2.042e-01 
502 -1.481e-01 
503 -9.436e-02 
504 -1.742e-01 
505 -1.526e-01 
506 -1.031e-01 
507 -1.767e-01 
508 -1.575e-01 
509 -8.960e-02 
510 -1.315e-01 
511 -1.372e-01 
512 -7.597e-02 
513 -8.731e-02 
514 -9.874e-02 
515 -1.113e-01 
516 -1.190e-01 
517 -1.362e-01 
518 -1.467e-01 
519 -9.839e-02 
520 -7.390e-02 
521 -6.436e-02 
522 -5.178e-02 
523 -6.996e-02 
524 -1.286e-01 
525 -9.567e-02 
526 -9.736e-02 
527 -1.282e-01 
528 -1.276e-01 
529 -9.732e-02 
530 -9.460e-02 
531 -1.006e-01 
532 -6.612e-02 
533 -1.258e-02 
534 -3.162e-02 
535 -5.774e-02 
536 -4.368e-02 
537 -5.448e-02 
538 -8.726e-02 
539 -3.967e-02 
540 -2.192e-02 
541 -6.021e-02 
542 -1.305e-02 
543 2.392e-02 
544 -1.561e-02 
545 -2.902e-02 
546 1.331e-02 
547 8.457e-03 
548 -3.118e-02 
549 -6.594e-02 
550 -5.241e-02 
551 -4.719e-02 
552 -6.305e-02 
553 -4.631e-02 
554 2.463e-03 
555 -2.059e-02 
556 -3.069e-02 
557 -4.497e-02 
558 -3.353e-02 
559 -8.044e-03 
560 3.293e-03 
561 6.040e-03 
562 -4.606e-03 
563 3.141e-03 
564 -4.333e-03 
565 -3.987e-02 
566 -4.556e-02 
567 -1.154e-02 
568 -1.128e-02 
569 -1.913e-02 
570 -7.662e-03 
571 1.642e-02 
572 1.608e-02 
573 -1.662e-02 
574 -1.804e-02 
575 2.214e-02 
576 -2.395e-02 
577 -2.933e-02 
578 2.665e-03 
579 -2.038e-02 
580 -1.706e-02 
581 -8.783e-03 
582 -1.803e-02 
583 -5.748e-02 
584 -1.887e-02 
585 -4.387e-03 
586 1.137e-02 
587 4.102e-02 
588 7.101e-02 
589 4.061e-02 
590 -9.441e-03 
591 -3.616e-03 
592 3.662e-04 
593 -6.905e-03 
594 -1.324e-02 
595 1.617e-02 
596 -4.900e-03 
597 -4.582e-02 
598 -2.875e-02 
599 -3.042e-03 
600 4.133e-02 
601 3.647e-02 
602 -3.220e-02 
603 -2.835e-03 
604 4.628e-02 
605 -9.095e-03 
606 -1.895e-02 
607 3.532e-02 
608 3.138e-02 
609 -6.823e-03 
610 -2.986e-02 
611 2.401e-02 
612 4.205e-02 
613 9.415e-03 
614 -9.051e-03 
615 -8.642e-03 
616 -6.724e-03 
617 -1.611e-02 
618 -5.249e-02 
619 -3.877e-02 
620 1.718e-04 
621 -3.496e-02 
622 -3.570e-02 
623 -1.349e-03 
624 3.228e-02 
625 5.975e-02 
626 3.347e-02 
627 7.067e-03 
628 1.649e-02 
629 -2.385e-02 
630 -6.738e-02 
631 -8.186e-03 
632 5.014e-02 
633 3.067e-02 
634 1.851e-02 
635 4.335e-02 
636 -9.330e-05 
637 -2.513e-02 
638 7.662e-03 
639 1.392e-02 
640 -5.659e-03 
641 7.590e-03 
642 1.541e-02 
643 -4.239e-03 
644 -2.006e-02 
645 4.384e-03 
646 3.416e-02 
647 1.872e-04 
648 -4.248e-02 
649 1.405e-02 
650 -4.343e-03 
651 -6.143e-02 
652 -1.814e-02 
653 4.054e-02 
654 8.200e-03 
655 1.246e-02 
656 7.408e-02 
657 2.639e-02 
658 -1.755e-02 
659 9.679e-03 
660 2.596e-02 
661 3.554e-03 
662 5.080e-02 
663 9.871e-02 
664 9.716e-02 
665 9.157e-02 
666 1.264e-01 
667 1.478e-01 
668 1.424e-01 
669 1.061e-01 
670 1.012e-01 
671 1.188e-01 
672 9.994e-02 
673 7.735e-02 
674 9.466e-02 
675 9.192e-02 
676 5.830e-02 
677 3.783e-02 
678 2.540e-02 
679 1.459e-02 
680 -1.879e-02 
681 -6.520e-02 
682 -7.023e-03 
683 -1.051e-02 
684 -6.649e-02 
685 1.114e-02 
686 1.842e-02 
687 -7.883e-02 
688 -8.707e-02 
689 -3.291e-02 
690 -8.728e-02 
691 -7.031e-02 
692 -7.620e-02 
693 -6.205e-02 
694 -3.133e-03 
695 -3.623e-02 
696 -8.463e-02 
697 -2.677e-02 
698 -1.965e-02 
699 -1.124e-01 
700 -9.169e-02 
701 -8.694e-03 
702 9.426e-03 
703 1.687e-02 
704 4.802e-02 
705 8.261e-02 
706 3.457e-02 
707 -4.178e-02 
708 5.743e-02 
709 9.764e-02 
710 6.143e-02 
711 1.319e-01 
712 1.895e-01 
713 1.015e-01 
714 7.254e-02 
715 8.833e-02 
716 9.409e-02 
717 9.293e-02 
718 5.567e-02 
719 9.004e-02 
720 8.298e-02 
721 3.255e-02 
722 4.028e-02 
723 2.198e-02 
724 -5.265e-02 
725 -4.822e-02 
726 -2.459e-02 
727 -4.313e-02 
728 7.093e-04 
729 3.626e-03 
730 -2.191e-02 
731 -1.847e-02 
732 -2.859e-02 
733 -5.161e-02 
734 -3.789e-02 
735 -2.203e-03 
736 -2.696e-02 
737 -5.253e-02 
738 -5.124e-02 
739 -4.803e-02 
740 -8.843e-02 
741 -9.774e-02 
742 -7.106e-02 
743 -8.524e-02 
744 -7.154e-02 
745 -2.603e-02 
746 -5.011e-02 
747 -5.009e-02 
748 -1.522e-02 
749 -6.315e-02 
750 -1.312e-01 
751 -9.201e-02 
752 -7.055e-02 
753 -5.642e-02 
754 -1.252e-02 
755 -5.862e-03 
756 -1.617e-02 
757 1.199e-02 
758 1.390e-03 
759 -5.501e-02 
760 -1.540e-02 
761 -3.438e-02 
762 -8.917e-02 
763 -7.322e-02 
764 -4.893e-02 
765 -4.417e-02 
766 -1.229e-02 
767 2.006e-02 
768 -1.087e-02 
769 -1.204e-02 
770 -1.019e-02 
771 -4.201e-02 
772 -4.749e-02 
773 -5.890e-02 
774 -1.228e-02 
775 3.653e-03 
776 1.638e-02 
777 1.707e-02 
778 -6.282e-03 
779 9.607e-03 
780 -1.780e-02 
781 -3.611e-02 
782 -3.274e-02 
783 -8.873e-03 
784 -6.042e-02 
785 -3.168e-02 
786 2.736e-02 
787 4.187e-02 
788 2.862e-02 
789 1.049e-02 
790 3.098e-02 
791 -2.745e-02 
792 -5.461e-02 
793 9.478e-03 
794 3.364e-02 
795 -3.229e-02 
796 1.130e-02 
797 5.073e-02 
798 -7.420e-03 
799 -8.388e-03 
800 -2.265e-02 
801 -6.411e-03 
802 -7.288e-03 
803 -9.938e-03 
804 -8.462e-03 
805 -3.773e-03 
806 -4.042e-02 
807 -5.646e-02 
808 -1.422e-02 
809 3.065e-02 
810 6.286e-02 
811 2.250e-02 
812 -1.273e-02 
813 -4.355e-04 
814 -1.128e-02 
815 -2.403e-02 
816 3.857e-02 
817 4.441e-02 
818 2.421e-03 
819 1.038e-04 
820 1.707e-02 
821 -3.217e-02 
822 -1.545e-02 
823 2.993e-02 
824 5.229e-04 
825 -2.684e-02 
826 9.656e-03 
827 1.799e-02 
828 -3.044e-02 
829 -2.081e-02 
830 1.827e-02 
831 1.573e-02 
832 -2.508e-02 
833 -1.566e-03 
834 3.264e-02 
835 -4.999e-03 
836 -2.266e-02 
837 2.222e-02 
838 1.938e-02 
839 -2.616e-02 
840 -3.247e-03 
841 7.969e-04 
842 -1.687e-02 
843 2.598e-02 
844 2.518e-02 
845 1.728e-03 
846 2.482e-02 
847 2.497e-02 
848 -3.256e-02 
849 -5.541e-02 
850 -1.849e-02 
851 -5.757e-02 
852 -5.397e-02 
853 -2.661e-03 
854 5.492e-02 
855 5.125e-02 
856 3.424e-02 
857 2.966e-02 
858 -3.351e-03 
859 -6.640e-04 
860 -4.626e-02 
861 -5.398e-02 
862 -3.981e-02 
863 -4.219e-02 
864 -6.808e-02 
865 -3.098e-02 
866 6.631e-02 
867 9.200e-02 
868 5.903e-02 
869 -1.587e-02 
870 7.330e-03 
871 1.392e-02 
872 -3.973e-02 
873 -3.059e-02 
874 2.006e-02 
875 5.391e-03 
876 -1.792e-02 
877 -6.349e-03 
878 -1.950e-03 
879 5.480e-03 
880 2.107e-03 
881 -1.744e-02 
882 -1.390e-02 
883 1.942e-03 
884 1.582e-02 
885 1.767e-02 
886 1.759e-02 
887 2.558e-02 
888 -1.750e-03 
889 6.185e-03 
890 -1.770e-03 
891 -3.248e-02 
892 -4.929e-02 
893 -2.725e-02 
894 -7.593e-03 
895 -3.065e-02 
896 -1.773e-02 
897 3.846e-02 
898 4.857e-02 
899 9.066e-03 
900 3.955e-02 
901 3.396e-02 
902 -1.409e-02 
903 -1.053e-03 
904 1.743e-02 
905 -3.962e-02 
906 -5.651e-02 
