0 0.0000E+00  1.1802E-03
1 3.5000E-02  4.4428E-04
2 7.0000E-02  6.5915E-04
3 1.0500E-01  8.0555E-04
4 1.4000E-01  6.5106E-04
5 1.7500E-01  1.1781E-04
6 2.1000E-01  9.4621E-04
7 2.4500E-01  5.4674E-04
8 2.8000E-01  1.6041E-04
9 3.1500E-01  7.3894E-04
10 3.5000E-01  4.0130E-05
11 3.8500E-01  5.5900E-04
12 4.2000E-01  1.3700E-03
13 4.5500E-01  5.5539E-04
14 4.9000E-01  4.0228E-04
15 5.2500E-01  4.9045E-04
16 5.6000E-01  3.7863E-04
17 5.9500E-01  -2.2311E-04
18 6.3000E-01  5.7557E-04
19 6.6500E-01  1.8334E-04
20 7.0000E-01  8.7688E-04
21 7.3500E-01  8.0170E-04
22 7.7000E-01  6.3731E-04
23 8.0500E-01  4.1538E-04
24 8.4000E-01  4.7818E-04
25 8.7500E-01  8.7754E-04
26 9.1000E-01  1.0362E-03
27 9.4500E-01  -1.2098E-04
28 9.8000E-01  4.2918E-04
29 1.0150E+00  1.4007E-04
30 1.0500E+00  -3.2030E-05
31 1.0850E+00  1.1921E-03
32 1.1200E+00  -1.8800E-04
33 1.1550E+00  8.6702E-04
34 1.1900E+00  2.0471E-04
35 1.2250E+00  8.6184E-04
36 1.2600E+00  8.1822E-04
37 1.2950E+00  6.0028E-04
38 1.3300E+00  5.6481E-04
39 1.3650E+00  -9.3518E-04
40 1.4000E+00  -4.7090E-05
41 1.4350E+00  9.7134E-04
42 1.4700E+00  7.0992E-04
43 1.5050E+00  7.2553E-04
44 1.5400E+00  2.9407E-04
45 1.5750E+00  8.1033E-04
46 1.6100E+00  -4.6077E-04
47 1.6450E+00  -1.0597E-04
48 1.6800E+00  6.1681E-04
49 1.7150E+00  -3.5072E-04
50 1.7500E+00  3.5157E-04
51 1.7850E+00  8.7820E-04
52 1.8200E+00  7.2637E-04
53 1.8550E+00  4.4529E-04
54 1.8900E+00  1.9303E-04
55 1.9250E+00  -3.9277E-04
56 1.9600E+00  3.4336E-04
57 1.9950E+00  4.7808E-04
58 2.0300E+00  4.6990E-05
59 2.0650E+00  -1.6990E-05
60 2.1000E+00  -4.1992E-04
61 2.1350E+00  1.0752E-03
62 2.1700E+00  4.2306E-04
63 2.2050E+00  2.1070E-04
64 2.2400E+00  1.4869E-04
65 2.2750E+00  1.0606E-04
66 2.3100E+00  5.5537E-04
67 2.3450E+00  6.2240E-04
68 2.3800E+00  1.2186E-04
69 2.4150E+00  5.3900E-04
70 2.4500E+00  -3.9223E-04
71 2.4850E+00  4.6588E-04
72 2.5200E+00  -2.5893E-04
73 2.5550E+00  5.5918E-04
74 2.5900E+00  1.0001E-03
75 2.6250E+00  2.1802E-04
76 2.6600E+00  1.1789E-03
77 2.6950E+00  7.5286E-04
78 2.7300E+00  3.8201E-04
79 2.7650E+00  1.1390E-03
80 2.8000E+00  -2.5168E-04
81 2.8350E+00  1.5765E-03
82 2.8700E+00  1.5969E-03
83 2.9050E+00  4.3775E-04
84 2.9400E+00  1.3210E-03
85 2.9750E+00  9.4665E-04
86 3.0100E+00  1.4673E-03
87 3.0450E+00  9.0097E-04
88 3.0800E+00  1.6399E-03
89 3.1150E+00  1.2553E-03
90 3.1500E+00  3.2092E-04
91 3.1850E+00  1.2943E-03
92 3.2200E+00  1.1535E-03
93 3.2550E+00  1.4565E-03
94 3.2900E+00  6.1204E-04
95 3.3250E+00  1.5219E-03
96 3.3600E+00  1.6891E-03
97 3.3950E+00  1.8027E-03
98 3.4300E+00  2.4129E-03
99 3.4650E+00  2.4270E-03
100 3.5000E+00  2.9862E-03
101 3.5350E+00  2.4674E-03
102 3.5700E+00  3.1235E-03
103 3.6050E+00  2.4248E-03
104 3.6400E+00  3.9165E-03
105 3.6750E+00  3.7924E-03
106 3.7100E+00  3.6128E-03
107 3.7450E+00  3.9508E-03
108 3.7800E+00  4.1745E-03
109 3.8150E+00  4.8365E-03
110 3.8500E+00  3.4238E-03
111 3.8850E+00  4.9634E-03
112 3.9200E+00  4.8349E-03
113 3.9550E+00  5.2726E-03
114 3.9900E+00  5.2757E-03
115 4.0250E+00  6.0486E-03
116 4.0600E+00  4.4826E-03
117 4.0950E+00  6.1399E-03
118 4.1300E+00  7.0801E-03
119 4.1650E+00  7.7944E-03
120 4.2000E+00  7.0329E-03
121 4.2350E+00  7.4201E-03
122 4.2700E+00  6.9496E-03
123 4.3050E+00  7.4892E-03
124 4.3400E+00  7.8446E-03
125 4.3750E+00  9.1995E-03
126 4.4100E+00  7.7178E-03
127 4.4450E+00  1.0158E-02
128 4.4800E+00  1.0210E-02
129 4.5150E+00  1.0899E-02
130 4.5500E+00  1.1073E-02
131 4.5850E+00  1.1200E-02
132 4.6200E+00  1.0651E-02
133 4.6550E+00  1.2479E-02
134 4.6900E+00  1.2629E-02
135 4.7250E+00  1.3920E-02
136 4.7600E+00  1.2922E-02
137 4.7950E+00  1.3809E-02
138 4.8300E+00  1.4564E-02
139 4.8650E+00  1.4708E-02
140 4.9000E+00  1.4675E-02
141 4.9350E+00  1.6627E-02
142 4.9700E+00  1.5681E-02
143 5.0050E+00  1.6933E-02
144 5.0400E+00  1.6977E-02
145 5.0750E+00  1.7376E-02
146 5.1100E+00  1.7520E-02
147 5.1450E+00  1.8122E-02
148 5.1800E+00  1.7782E-02
149 5.2150E+00  1.7887E-02
150 5.2500E+00  1.8132E-02
151 5.2850E+00  1.8820E-02
152 5.3200E+00  1.9595E-02
153 5.3550E+00  1.8820E-02
154 5.3900E+00  1.8849E-02
155 5.4250E+00  1.8682E-02
156 5.4600E+00  1.8494E-02
157 5.4950E+00  2.0499E-02
158 5.5300E+00  1.8867E-02
159 5.5650E+00  1.8524E-02
160 5.6000E+00  1.8635E-02
161 5.6350E+00  1.8950E-02
162 5.6700E+00  1.8474E-02
163 5.7050E+00  1.7886E-02
164 5.7400E+00  1.7409E-02
165 5.7750E+00  1.6648E-02
166 5.8100E+00  1.7197E-02
167 5.8450E+00  1.6809E-02
168 5.8800E+00  1.5465E-02
169 5.9150E+00  1.5596E-02
170 5.9500E+00  1.5707E-02
171 5.9850E+00  1.4431E-02
172 6.0200E+00  1.4484E-02
173 6.0550E+00  1.3550E-02
174 6.0900E+00  1.3747E-02
175 6.1250E+00  1.3608E-02
176 6.1600E+00  1.3749E-02
177 6.1950E+00  1.3025E-02
178 6.2300E+00  1.3304E-02
179 6.2650E+00  1.1026E-02
180 6.3000E+00  1.1584E-02
181 6.3350E+00  1.0999E-02
182 6.3700E+00  1.0668E-02
183 6.4050E+00  1.1475E-02
184 6.4400E+00  1.0130E-02
185 6.4750E+00  1.0568E-02
186 6.5100E+00  9.9303E-03
187 6.5450E+00  9.2290E-03
188 6.5800E+00  9.4792E-03
189 6.6150E+00  8.8321E-03
190 6.6500E+00  9.1663E-03
191 6.6850E+00  7.9444E-03
192 6.7200E+00  8.5447E-03
193 6.7550E+00  8.0211E-03
194 6.7900E+00  6.7502E-03
195 6.8250E+00  8.1383E-03
196 6.8600E+00  7.9297E-03
197 6.8950E+00  7.1668E-03
198 6.9300E+00  7.1685E-03
199 6.9650E+00  7.9121E-03
200 7.0000E+00  7.1594E-03
201 7.0350E+00  7.1606E-03
202 7.0700E+00  6.0456E-03
203 7.1050E+00  6.3496E-03
204 7.1400E+00  6.4479E-03
205 7.1750E+00  6.1820E-03
206 7.2100E+00  5.2516E-03
207 7.2450E+00  5.8098E-03
208 7.2800E+00  5.3022E-03
209 7.3150E+00  5.5744E-03
210 7.3500E+00  5.4112E-03
211 7.3850E+00  5.3551E-03
212 7.4200E+00  5.7306E-03
213 7.4550E+00  5.6762E-03
214 7.4900E+00  4.8783E-03
215 7.5250E+00  4.9017E-03
216 7.5600E+00  5.1429E-03
217 7.5950E+00  5.0834E-03
218 7.6300E+00  4.4730E-03
219 7.6650E+00  4.9271E-03
220 7.7000E+00  5.2063E-03
221 7.7350E+00  4.2865E-03
222 7.7700E+00  4.7727E-03
223 7.8050E+00  5.0519E-03
224 7.8400E+00  5.0203E-03
225 7.8750E+00  5.5796E-03
226 7.9100E+00  4.8890E-03
227 7.9450E+00  5.2749E-03
228 7.9800E+00  4.8843E-03
229 8.0150E+00  4.0277E-03
230 8.0500E+00  5.3547E-03
231 8.0850E+00  4.1828E-03
232 8.1200E+00  5.5414E-03
233 8.1550E+00  4.7460E-03
234 8.1900E+00  4.6544E-03
235 8.2250E+00  4.6781E-03
236 8.2600E+00  5.0894E-03
237 8.2950E+00  5.2012E-03
238 8.3300E+00  5.5984E-03
239 8.3650E+00  5.7244E-03
240 8.4000E+00  4.4500E-03
241 8.4350E+00  4.8511E-03
242 8.4700E+00  5.0084E-03
243 8.5050E+00  4.9821E-03
244 8.5400E+00  5.2752E-03
245 8.5750E+00  5.1465E-03
246 8.6100E+00  5.6135E-03
247 8.6450E+00  6.2616E-03
248 8.6800E+00  5.5223E-03
249 8.7150E+00  4.6366E-03
250 8.7500E+00  6.3688E-03
251 8.7850E+00  6.3724E-03
252 8.8200E+00  6.8151E-03
253 8.8550E+00  6.5090E-03
254 8.8900E+00  5.9550E-03
255 8.9250E+00  6.2639E-03
256 8.9600E+00  6.3764E-03
257 8.9950E+00  6.8914E-03
258 9.0300E+00  6.4602E-03
259 9.0650E+00  7.1538E-03
260 9.1000E+00  8.3233E-03
261 9.1350E+00  7.5979E-03
262 9.1700E+00  7.0024E-03
263 9.2050E+00  7.8191E-03
264 9.2400E+00  7.6538E-03
265 9.2750E+00  7.8879E-03
266 9.3100E+00  7.4602E-03
267 9.3450E+00  8.2249E-03
268 9.3800E+00  7.9501E-03
269 9.4150E+00  8.3639E-03
270 9.4500E+00  8.6083E-03
271 9.4850E+00  9.3710E-03
272 9.5200E+00  9.0068E-03
273 9.5550E+00  8.8726E-03
274 9.5900E+00  8.9198E-03
275 9.6250E+00  9.6916E-03
276 9.6600E+00  1.0268E-02
277 9.6950E+00  9.4962E-03
278 9.7300E+00  1.0525E-02
279 9.7650E+00  1.1296E-02
280 9.8000E+00  1.0492E-02
281 9.8350E+00  1.1151E-02
282 9.8700E+00  1.1628E-02
283 9.9050E+00  1.1068E-02
284 9.9400E+00  1.1708E-02
285 9.9750E+00  1.1828E-02
286 1.0010E+01  1.1417E-02
287 1.0045E+01  1.2200E-02
288 1.0080E+01  1.2276E-02
289 1.0115E+01  1.3313E-02
290 1.0150E+01  1.3008E-02
291 1.0185E+01  1.4122E-02
292 1.0220E+01  1.4538E-02
293 1.0255E+01  1.3819E-02
294 1.0290E+01  1.5041E-02
295 1.0325E+01  1.4611E-02
296 1.0360E+01  1.3926E-02
297 1.0395E+01  1.5078E-02
298 1.0430E+01  1.5074E-02
299 1.0465E+01  1.6266E-02
300 1.0500E+01  1.6225E-02
301 1.0535E+01  1.6161E-02
302 1.0570E+01  1.6316E-02
303 1.0605E+01  1.7458E-02
304 1.0640E+01  1.8173E-02
305 1.0675E+01  1.8003E-02
306 1.0710E+01  1.8910E-02
307 1.0745E+01  1.8534E-02
308 1.0780E+01  1.8288E-02
309 1.0815E+01  1.7819E-02
310 1.0850E+01  1.9773E-02
311 1.0885E+01  1.9486E-02
312 1.0920E+01  2.0503E-02
313 1.0955E+01  2.0554E-02
314 1.0990E+01  2.0572E-02
315 1.1025E+01  2.1310E-02
316 1.1060E+01  2.1024E-02
317 1.1095E+01  2.0882E-02
318 1.1130E+01  2.1700E-02
319 1.1165E+01  2.1821E-02
320 1.1200E+01  2.1615E-02
321 1.1235E+01  2.1987E-02
322 1.1270E+01  2.2374E-02
323 1.1305E+01  2.1820E-02
324 1.1340E+01  2.1922E-02
325 1.1375E+01  2.2787E-02
326 1.1410E+01  2.3204E-02
327 1.1445E+01  2.2756E-02
328 1.1480E+01  2.2945E-02
329 1.1515E+01  2.3246E-02
330 1.1550E+01  2.3230E-02
331 1.1585E+01  2.2575E-02
332 1.1620E+01  2.1729E-02
333 1.1655E+01  2.1668E-02
334 1.1690E+01  2.1839E-02
335 1.1725E+01  2.2056E-02
336 1.1760E+01  2.2070E-02
337 1.1795E+01  2.0737E-02
338 1.1830E+01  2.0589E-02
339 1.1865E+01  2.0795E-02
340 1.1900E+01  1.9314E-02
341 1.1935E+01  1.9340E-02
342 1.1970E+01  1.8777E-02
343 1.2005E+01  1.8686E-02
344 1.2040E+01  1.7822E-02
345 1.2075E+01  1.8915E-02
346 1.2110E+01  1.7348E-02
347 1.2145E+01  1.7537E-02
348 1.2180E+01  1.5813E-02
349 1.2215E+01  1.5578E-02
350 1.2250E+01  1.4626E-02
351 1.2285E+01  1.4570E-02
352 1.2320E+01  1.3826E-02
353 1.2355E+01  1.2558E-02
354 1.2390E+01  1.2063E-02
355 1.2425E+01  1.1115E-02
356 1.2460E+01  1.1995E-02
357 1.2495E+01  1.0833E-02
358 1.2530E+01  1.0285E-02
359 1.2565E+01  9.9163E-03
360 1.2600E+01  1.0276E-02
361 1.2635E+01  9.7103E-03
362 1.2670E+01  8.9648E-03
363 1.2705E+01  8.4646E-03
364 1.2740E+01  8.6481E-03
365 1.2775E+01  7.4076E-03
366 1.2810E+01  7.5292E-03
367 1.2845E+01  7.7449E-03
368 1.2880E+01  6.9633E-03
369 1.2915E+01  7.3471E-03
370 1.2950E+01  6.4873E-03
371 1.2985E+01  7.3892E-03
372 1.3020E+01  7.2954E-03
373 1.3055E+01  6.4061E-03
374 1.3090E+01  6.8852E-03
375 1.3125E+01  6.9428E-03
376 1.3160E+01  7.6125E-03
377 1.3195E+01  7.7470E-03
378 1.3230E+01  7.4527E-03
379 1.3265E+01  7.2146E-03
380 1.3300E+01  8.0266E-03
381 1.3335E+01  8.1426E-03
382 1.3370E+01  8.8128E-03
383 1.3405E+01  8.1461E-03
384 1.3440E+01  9.2858E-03
385 1.3475E+01  8.3523E-03
386 1.3510E+01  8.6014E-03
387 1.3545E+01  8.6097E-03
388 1.3580E+01  1.0047E-02
389 1.3615E+01  1.0708E-02
390 1.3650E+01  1.0475E-02
391 1.3685E+01  1.1477E-02
392 1.3720E+01  1.1292E-02
393 1.3755E+01  1.2822E-02
394 1.3790E+01  1.2982E-02
395 1.3825E+01  1.3679E-02
396 1.3860E+01  1.4500E-02
397 1.3895E+01  1.4808E-02
398 1.3930E+01  1.5471E-02
399 1.3965E+01  1.6402E-02
400 1.4000E+01  1.5558E-02
401 1.4035E+01  1.6479E-02
402 1.4070E+01  1.7535E-02
403 1.4105E+01  1.9180E-02
404 1.4140E+01  1.8593E-02
405 1.4175E+01  2.0154E-02
406 1.4210E+01  2.0661E-02
407 1.4245E+01  2.1746E-02
408 1.4280E+01  2.2144E-02
409 1.4315E+01  2.1507E-02
410 1.4350E+01  2.3025E-02
411 1.4385E+01  2.4746E-02
412 1.4420E+01  2.4462E-02
413 1.4455E+01  2.4405E-02
414 1.4490E+01  2.5022E-02
415 1.4525E+01  2.6461E-02
416 1.4560E+01  2.6674E-02
417 1.4595E+01  2.7003E-02
418 1.4630E+01  2.7653E-02
419 1.4665E+01  2.7541E-02
420 1.4700E+01  2.8900E-02
421 1.4735E+01  2.9297E-02
422 1.4770E+01  3.0257E-02
423 1.4805E+01  3.0306E-02
424 1.4840E+01  3.1187E-02
425 1.4875E+01  3.2986E-02
426 1.4910E+01  3.5023E-02
427 1.4945E+01  3.6708E-02
428 1.4980E+01  3.7623E-02
429 1.5015E+01  3.9411E-02
430 1.5050E+01  4.0376E-02
431 1.5085E+01  4.2897E-02
432 1.5120E+01  4.2547E-02
433 1.5155E+01  4.3471E-02
434 1.5190E+01  4.3628E-02
435 1.5225E+01  4.3928E-02
436 1.5260E+01  4.4633E-02
437 1.5295E+01  4.3994E-02
438 1.5330E+01  4.3788E-02
439 1.5365E+01  4.3596E-02
440 1.5400E+01  4.2653E-02
441 1.5435E+01  4.2480E-02
442 1.5470E+01  4.0716E-02
443 1.5505E+01  3.9746E-02
444 1.5540E+01  3.9133E-02
445 1.5575E+01  3.8382E-02
446 1.5610E+01  3.7775E-02
447 1.5645E+01  3.8083E-02
448 1.5680E+01  3.7417E-02
449 1.5715E+01  3.8723E-02
450 1.5750E+01  3.9932E-02
451 1.5785E+01  4.2320E-02
452 1.5820E+01  4.3593E-02
453 1.5855E+01  4.7446E-02
454 1.5890E+01  5.0634E-02
455 1.5925E+01  5.4503E-02
456 1.5960E+01  5.9311E-02
457 1.5995E+01  6.4060E-02
458 1.6030E+01  6.8664E-02
459 1.6065E+01  7.3866E-02
460 1.6100E+01  7.8142E-02
461 1.6135E+01  8.2205E-02
462 1.6170E+01  8.7146E-02
463 1.6205E+01  8.9868E-02
464 1.6240E+01  9.3493E-02
465 1.6275E+01  9.4710E-02
466 1.6310E+01  9.4757E-02
467 1.6345E+01  9.5694E-02
468 1.6380E+01  9.3921E-02
469 1.6415E+01  9.2244E-02
470 1.6450E+01  9.0317E-02
471 1.6485E+01  8.7296E-02
472 1.6520E+01  8.4413E-02
473 1.6555E+01  8.0598E-02
474 1.6590E+01  7.6817E-02
475 1.6625E+01  7.3225E-02
476 1.6660E+01  6.9444E-02
477 1.6695E+01  6.5954E-02
478 1.6730E+01  6.1411E-02
479 1.6765E+01  5.7741E-02
480 1.6800E+01  5.6601E-02
481 1.6835E+01  5.2121E-02
482 1.6870E+01  4.9703E-02
483 1.6905E+01  4.7182E-02
484 1.6940E+01  4.4989E-02
485 1.6975E+01  4.3085E-02
486 1.7010E+01  3.9764E-02
487 1.7045E+01  3.7058E-02
488 1.7080E+01  3.5356E-02
489 1.7115E+01  3.3738E-02
490 1.7150E+01  3.2146E-02
491 1.7185E+01  3.0820E-02
492 1.7220E+01  2.9867E-02
493 1.7255E+01  2.9655E-02
494 1.7290E+01  2.7583E-02
495 1.7325E+01  2.7358E-02
496 1.7360E+01  2.7097E-02
497 1.7395E+01  2.6842E-02
498 1.7430E+01  2.6837E-02
499 1.7465E+01  2.7628E-02
500 1.7500E+01  2.7978E-02
501 1.7535E+01  2.9321E-02
502 1.7570E+01  3.1869E-02
503 1.7605E+01  3.4622E-02
504 1.7640E+01  3.9082E-02
505 1.7675E+01  4.5884E-02
506 1.7710E+01  5.3808E-02
507 1.7745E+01  6.2882E-02
508 1.7780E+01  7.5458E-02
509 1.7815E+01  8.9199E-02
510 1.7850E+01  1.0706E-01
511 1.7885E+01  1.2637E-01
512 1.7920E+01  1.4866E-01
513 1.7955E+01  1.7456E-01
514 1.7990E+01  2.0260E-01
515 1.8025E+01  2.3026E-01
516 1.8060E+01  2.5846E-01
517 1.8095E+01  2.8184E-01
518 1.8130E+01  2.9851E-01
519 1.8165E+01  3.0937E-01
520 1.8200E+01  3.1210E-01
521 1.8235E+01  3.0955E-01
522 1.8270E+01  3.0084E-01
523 1.8305E+01  2.9051E-01
524 1.8340E+01  2.7822E-01
525 1.8375E+01  2.6598E-01
526 1.8410E+01  2.5417E-01
527 1.8445E+01  2.4255E-01
528 1.8480E+01  2.3078E-01
529 1.8515E+01  2.1881E-01
530 1.8550E+01  2.0726E-01
531 1.8585E+01  1.9586E-01
532 1.8620E+01  1.8334E-01
533 1.8655E+01  1.7062E-01
534 1.8690E+01  1.5845E-01
535 1.8725E+01  1.4819E-01
536 1.8760E+01  1.3674E-01
537 1.8795E+01  1.2620E-01
538 1.8830E+01  1.1889E-01
539 1.8865E+01  1.0915E-01
540 1.8900E+01  1.0155E-01
541 1.8935E+01  9.4546E-02
542 1.8970E+01  8.8179E-02
543 1.9005E+01  8.1912E-02
544 1.9040E+01  7.7081E-02
545 1.9075E+01  7.0699E-02
546 1.9110E+01  6.8125E-02
547 1.9145E+01  6.2981E-02
548 1.9180E+01  5.9484E-02
549 1.9215E+01  5.6407E-02
550 1.9250E+01  5.4182E-02
551 1.9285E+01  5.2547E-02
552 1.9320E+01  5.0547E-02
553 1.9355E+01  4.8836E-02
554 1.9390E+01  4.7517E-02
555 1.9425E+01  4.5161E-02
556 1.9460E+01  4.4289E-02
557 1.9495E+01  4.3544E-02
558 1.9530E+01  4.2730E-02
559 1.9565E+01  4.2636E-02
560 1.9600E+01  4.2010E-02
561 1.9635E+01  4.0961E-02
562 1.9670E+01  4.1115E-02
563 1.9705E+01  3.9133E-02
564 1.9740E+01  3.8824E-02
565 1.9775E+01  3.8438E-02
566 1.9810E+01  3.7364E-02
567 1.9845E+01  3.6119E-02
568 1.9880E+01  3.4969E-02
569 1.9915E+01  3.4309E-02
570 1.9950E+01  3.2660E-02
571 1.9985E+01  3.1307E-02
572 2.0020E+01  3.0509E-02
573 2.0055E+01  2.8075E-02
574 2.0090E+01  2.7927E-02
575 2.0125E+01  2.5928E-02
576 2.0160E+01  2.5165E-02
577 2.0195E+01  2.3692E-02
578 2.0230E+01  2.2261E-02
579 2.0265E+01  2.1691E-02
580 2.0300E+01  2.0283E-02
581 2.0335E+01  1.8202E-02
582 2.0370E+01  1.7704E-02
583 2.0405E+01  1.6595E-02
584 2.0440E+01  1.5578E-02
585 2.0475E+01  1.5762E-02
586 2.0510E+01  1.3794E-02
587 2.0545E+01  1.3344E-02
588 2.0580E+01  1.3001E-02
589 2.0615E+01  1.0904E-02
590 2.0650E+01  9.8150E-03
591 2.0685E+01  1.0473E-02
592 2.0720E+01  9.3116E-03
593 2.0755E+01  9.1539E-03
594 2.0790E+01  8.2736E-03
595 2.0825E+01  7.7738E-03
596 2.0860E+01  7.7132E-03
597 2.0895E+01  7.2906E-03
598 2.0930E+01  6.5003E-03
599 2.0965E+01  5.2546E-03
600 2.1000E+01  6.1391E-03
601 2.1035E+01  5.3477E-03
602 2.1070E+01  5.2022E-03
603 2.1105E+01  5.4528E-03
604 2.1140E+01  5.7851E-03
605 2.1175E+01  4.7472E-03
606 2.1210E+01  3.7143E-03
607 2.1245E+01  3.8934E-03
608 2.1280E+01  3.6040E-03
609 2.1315E+01  3.5990E-03
610 2.1350E+01  3.1139E-03
611 2.1385E+01  3.9082E-03
612 2.1420E+01  2.1744E-03
613 2.1455E+01  3.1865E-03
614 2.1490E+01  2.3841E-03
615 2.1525E+01  2.0991E-03
616 2.1560E+01  2.1426E-03
617 2.1595E+01  2.1460E-03
618 2.1630E+01  2.0006E-03
619 2.1665E+01  1.7286E-03
620 2.1700E+01  1.2833E-03
621 2.1735E+01  2.1070E-03
622 2.1770E+01  1.4086E-03
623 2.1805E+01  1.6239E-03
624 2.1840E+01  2.5544E-03
625 2.1875E+01  1.4667E-03
626 2.1910E+01  1.1388E-03
627 2.1945E+01  1.0329E-03
628 2.1980E+01  9.7548E-04
629 2.2015E+01  1.3601E-03
630 2.2050E+01  6.8653E-04
631 2.2085E+01  8.4460E-04
632 2.2120E+01  1.5710E-03
633 2.2155E+01  7.1140E-04
634 2.2190E+01  1.4472E-03
635 2.2225E+01  1.3833E-03
636 2.2260E+01  9.2024E-04
637 2.2295E+01  1.9167E-03
638 2.2330E+01  7.3895E-04
639 2.2365E+01  2.6679E-04
640 2.2400E+01  -6.1968E-04
641 2.2435E+01  2.3421E-04
642 2.2470E+01  -3.1993E-04
643 2.2505E+01  9.2442E-04
644 2.2540E+01  1.6720E-04
645 2.2575E+01  9.6016E-04
646 2.2610E+01  -6.7240E-05
647 2.2645E+01  1.1687E-03
648 2.2680E+01  -7.0240E-05
649 2.2715E+01  8.5427E-04
650 2.2750E+01  6.8567E-04
651 2.2785E+01  8.6422E-04
652 2.2820E+01  3.6418E-04
653 2.2855E+01  -2.2467E-04
654 2.2890E+01  4.3094E-04
655 2.2925E+01  4.2937E-04
656 2.2960E+01  6.9485E-04
657 2.2995E+01  1.4342E-03
658 2.3030E+01  -3.5736E-04
659 2.3065E+01  1.6352E-04
660 2.3100E+01  1.3640E-05
661 2.3135E+01  -7.1994E-04
662 2.3170E+01  1.2650E-05
663 2.3205E+01  5.5245E-04
664 2.3240E+01  1.8198E-04
665 2.3275E+01  -7.2671E-04
666 2.3310E+01  -8.8959E-04
667 2.3345E+01  -4.5651E-04
668 2.3380E+01  -2.7469E-04
669 2.3415E+01  -2.6381E-04
670 2.3450E+01  1.2761E-04
671 2.3485E+01  -6.8332E-04
672 2.3520E+01  1.8055E-04
673 2.3555E+01  3.0836E-04
674 2.3590E+01  1.1008E-03
675 2.3625E+01  -4.2253E-04
676 2.3660E+01  -3.2886E-04
677 2.3695E+01  7.8672E-04
678 2.3730E+01  -7.7942E-04
679 2.3765E+01  -1.2049E-04
680 2.3800E+01  3.8031E-04
681 2.3835E+01  -4.1545E-04
682 2.3870E+01  -3.6793E-04
683 2.3905E+01  -2.5251E-04
684 2.3940E+01  -4.0270E-04
685 2.3975E+01  -2.8307E-04
686 2.4010E+01  -5.3842E-04
687 2.4045E+01  -6.4862E-04
688 2.4080E+01  -3.9260E-04
689 2.4115E+01  1.9117E-04
690 2.4150E+01  2.5740E-05
691 2.4185E+01  -3.1575E-04
692 2.4220E+01  -2.9266E-04
693 2.4255E+01  -9.4430E-05
694 2.4290E+01  0.0000E+00
695 2.4325E+01  -4.7449E-04
696 2.4360E+01  -3.7450E-04
697 2.4395E+01  1.8462E-04
698 2.4430E+01  1.9739E-04
699 2.4465E+01  3.4452E-04
700 2.4500E+01  8.2610E-05
701 2.4535E+01  -8.9024E-04
702 2.4570E+01  3.4240E-04
703 2.4605E+01  9.1850E-05
704 2.4640E+01  3.9210E-04
705 2.4675E+01  -7.0585E-04
706 2.4710E+01  -5.2544E-04
707 2.4745E+01  -5.3227E-04
708 2.4780E+01  4.2645E-04
709 2.4815E+01  -1.1724E-03
710 2.4850E+01  4.5357E-04
711 2.4885E+01  -9.1176E-04
712 2.4920E+01  2.7649E-04
713 2.4955E+01  2.3371E-04
714 2.4990E+01  1.4320E-04
715 2.5025E+01  1.2753E-04
716 2.5060E+01  -3.3612E-04
717 2.5095E+01  -5.5105E-04
718 2.5130E+01  6.6300E-05
719 2.5165E+01  -1.0378E-04
720 2.5200E+01  2.6075E-04
721 2.5235E+01  -1.3987E-04
722 2.5270E+01  -7.9075E-04
723 2.5305E+01  -3.2633E-04
724 2.5340E+01  -7.3081E-04
725 2.5375E+01  3.3437E-04
726 2.5410E+01  3.6469E-04
727 2.5445E+01  4.6640E-04
728 2.5480E+01  1.8316E-04
729 2.5515E+01  -2.2861E-04
730 2.5550E+01  3.9179E-04
731 2.5585E+01  8.9141E-04
732 2.5620E+01  -3.6980E-04
733 2.5655E+01  1.4195E-04
734 2.5690E+01  7.6896E-04
735 2.5725E+01  1.3729E-04
736 2.5760E+01  5.3670E-05
737 2.5795E+01  -1.1680E-05
738 2.5830E+01  -6.7977E-04
739 2.5865E+01  -5.1054E-04
740 2.5900E+01  -1.0785E-03
741 2.5935E+01  -2.8391E-04
742 2.5970E+01  1.2831E-03
743 2.6005E+01  4.7424E-04
744 2.6040E+01  5.5503E-04
745 2.6075E+01  2.1290E-05
746 2.6110E+01  1.0854E-03
747 2.6145E+01  2.0565E-04
748 2.6180E+01  -1.5522E-04
749 2.6215E+01  5.2754E-04
750 2.6250E+01  2.6350E-05
751 2.6285E+01  6.2309E-04
752 2.6320E+01  -7.8520E-05
753 2.6355E+01  3.8046E-04
754 2.6390E+01  -3.5221E-04
755 2.6425E+01  -1.9722E-04
756 2.6460E+01  4.3650E-05
757 2.6495E+01  -3.2985E-04
758 2.6530E+01  -2.9000E-07
759 2.6565E+01  -6.6298E-04
760 2.6600E+01  4.4813E-04
761 2.6635E+01  5.7572E-04
762 2.6670E+01  1.0737E-04
763 2.6705E+01  -1.1505E-03
764 2.6740E+01  -3.2499E-04
765 2.6775E+01  -9.8290E-05
766 2.6810E+01  -2.1363E-04
767 2.6845E+01  1.5618E-04
768 2.6880E+01  4.8918E-04
769 2.6915E+01  -5.5665E-04
770 2.6950E+01  -9.4919E-04
771 2.6985E+01  2.5500E-04
772 2.7020E+01  -3.3954E-04
773 2.7055E+01  8.9089E-04
774 2.7090E+01  -1.7842E-04
775 2.7125E+01  -6.4077E-04
776 2.7160E+01  3.8591E-04
777 2.7195E+01  -1.1350E-03
778 2.7230E+01  3.2838E-04
779 2.7265E+01  -4.3157E-04
780 2.7300E+01  4.1495E-04
781 2.7335E+01  8.1828E-04
782 2.7370E+01  3.2659E-04
783 2.7405E+01  -2.4851E-04
784 2.7440E+01  -6.7092E-04
785 2.7475E+01  5.1856E-04
786 2.7510E+01  -1.0417E-03
787 2.7545E+01  -3.1030E-04
788 2.7580E+01  -3.7285E-04
789 2.7615E+01  -1.5633E-04
790 2.7650E+01  1.2208E-04
791 2.7685E+01  -7.5469E-04
792 2.7720E+01  6.9911E-04
793 2.7755E+01  -1.2300E-03
794 2.7790E+01  1.9320E-05
795 2.7825E+01  -4.2797E-04
796 2.7860E+01  -4.3838E-04
797 2.7895E+01  -1.0630E-03
798 2.7930E+01  -3.4413E-04
799 2.7965E+01  7.0312E-04
800 2.8000E+01  -1.2227E-03
801 2.8035E+01  -2.8623E-04
802 2.8070E+01  -1.5942E-04
803 2.8105E+01  -6.5206E-04
804 2.8140E+01  -4.4209E-04
805 2.8175E+01  -9.4493E-04
806 2.8210E+01  -5.4996E-04
807 2.8245E+01  8.0990E-04
808 2.8280E+01  -6.1905E-04
809 2.8315E+01  1.1376E-04
810 2.8350E+01  -7.5834E-04
811 2.8385E+01  2.6977E-04
812 2.8420E+01  -6.8813E-04
813 2.8455E+01  -9.4244E-04
814 2.8490E+01  1.8044E-04
815 2.8525E+01  -4.4932E-04
816 2.8560E+01  -5.1963E-04
817 2.8595E+01  -2.3280E-04
818 2.8630E+01  -6.4985E-04
819 2.8665E+01  -3.4683E-04
820 2.8700E+01  3.9788E-04
821 2.8735E+01  -6.8920E-05
822 2.8770E+01  -9.2752E-04
823 2.8805E+01  -1.8374E-04
824 2.8840E+01  -3.1640E-05
825 2.8875E+01  -3.0609E-04
826 2.8910E+01  -2.8855E-04
827 2.8945E+01  6.9178E-04
828 2.8980E+01  -6.1898E-04
829 2.9015E+01  -6.3064E-04
830 2.9050E+01  -4.7886E-04
831 2.9085E+01  -1.9543E-04
832 2.9120E+01  2.5158E-04
833 2.9155E+01  -2.0914E-04
834 2.9190E+01  -1.2693E-03
835 2.9225E+01  -3.9894E-04
836 2.9260E+01  -4.8410E-05
837 2.9295E+01  -1.4449E-04
838 2.9330E+01  -1.0705E-03
839 2.9365E+01  -1.6126E-03
840 2.9400E+01  -2.4550E-04
841 2.9435E+01  3.4165E-04
842 2.9470E+01  -2.6127E-04
843 2.9505E+01  -1.0102E-03
844 2.9540E+01  -7.3534E-04
845 2.9575E+01  8.5236E-04
846 2.9610E+01  1.7500E-04
847 2.9645E+01  -2.7863E-04
848 2.9680E+01  -5.1374E-04
849 2.9715E+01  -4.3221E-04
850 2.9750E+01  -6.6584E-04
851 2.9785E+01  -1.7363E-04
852 2.9820E+01  -9.6855E-04
853 2.9855E+01  -1.9685E-04
854 2.9890E+01  -2.6903E-04
855 2.9925E+01  -1.8594E-04
856 2.9960E+01  -1.0293E-03
857 2.9995E+01  -5.6681E-04
858 3.0030E+01  -1.5723E-04
859 3.0065E+01  -6.2306E-04
860 3.0100E+01  -4.4400E-06
861 3.0135E+01  4.2926E-04
862 3.0170E+01  -2.3654E-04
863 3.0205E+01  -1.0980E-03
864 3.0240E+01  -3.4976E-04
865 3.0275E+01  2.1230E-05
866 3.0310E+01  3.9643E-04
867 3.0345E+01  3.3914E-04
868 3.0380E+01  -2.5013E-04
869 3.0415E+01  -8.4260E-04
870 3.0450E+01  -4.7254E-04
871 3.0485E+01  -1.1956E-03
872 3.0520E+01  -8.9696E-04
873 3.0555E+01  -1.7210E-05
874 3.0590E+01  -7.4249E-04
875 3.0625E+01  -7.0999E-04
876 3.0660E+01  -1.0532E-04
877 3.0695E+01  -5.4797E-04
878 3.0730E+01  -6.7437E-04
879 3.0765E+01  1.1479E-04
880 3.0800E+01  -8.2972E-04
881 3.0835E+01  -7.9172E-04
882 3.0870E+01  -6.6360E-05
883 3.0905E+01  -4.1196E-04
884 3.0940E+01  1.3188E-04
885 3.0975E+01  1.9520E-05
886 3.1010E+01  -7.2862E-04
887 3.1045E+01  1.1254E-04
888 3.1080E+01  -4.0343E-04
889 3.1115E+01  -1.6144E-04
890 3.1150E+01  -4.8808E-04
891 3.1185E+01  -7.2523E-04
892 3.1220E+01  -4.5050E-04
893 3.1255E+01  -3.5192E-04
894 3.1290E+01  -3.2082E-04
895 3.1325E+01  -8.5859E-04
896 3.1360E+01  -6.5494E-04
897 3.1395E+01  -9.2469E-04
898 3.1430E+01  -1.0521E-03
899 3.1465E+01  -1.3852E-03
900 3.1500E+01  -3.9136E-04
901 3.1535E+01  -3.2427E-04
902 3.1570E+01  -6.8361E-04
903 3.1605E+01  -1.3783E-03
904 3.1640E+01  -1.7451E-04
905 3.1675E+01  -1.8617E-04
906 3.1710E+01  -7.0376E-04
907 3.1745E+01  -6.1773E-04
908 3.1780E+01  -4.9507E-04
909 3.1815E+01  -1.4695E-03
910 3.1850E+01  -4.4612E-04
911 3.1885E+01  -8.6745E-04
912 3.1920E+01  -4.3497E-04
913 3.1955E+01  -4.2722E-04
914 3.1990E+01  -8.2578E-04
