514 1 0.202590665
515 1 0.2302548149999999
516 1 0.258458125
517 10 0.28183134500000007
518 10 0.29850188499999986
519 10 0.30936557499999995
520 10 0.31209826499999993
521 10 0.309539805
522 10 0.3008290949999999
523 1 0.2904995749999999
524 1 0.27821537500000004
525 1 0.265978335
526 1 0.2541657749999999
527 1 0.24254318499999994
528 1 0.23076950500000004
529 1 0.2188014949999999
530 1 0.20725374500000004
531 1 0.19584949500000004
532 1 0.18333446499999995
533 1 0.17060897499999994
534 1 0.15843953500000008
535 1 0.1481847249999999
536 1 0.1367296549999999
537 1 0.12619081499999996
538 1 0.118879285
539 1 0.10914386500000006
540 1 0.101547155
541 1 0.09453921499999995
542 1 0.08817256500000004
543 1 0.08190588500000007
544 1 0.07707428499999991
545 1 0.070692655
546 1 0.06811865499999992
547 1 0.06297486499999994
548 1 0.05947790500000005
549 1 0.0564006749999999
550 1 0.05417608499999993
551 1 0.052540255000000036
552 1 0.05054043500000005
553 1 0.04882981499999994
554 1 0.047510355000000004
555 1 0.045154425
556 1 0.04428300500000004
557 1 0.0435373349999999
558 1 0.04272330499999999
559 1 0.042629564999999925
560 1 0.042003844999999984
561 1 0.0409542249999999
562 1 0.041108425000000004
563 1 0.03912656499999989
564 1 0.038817694999999874
565 1 0.03843211499999999
566 1 0.0373575049999999
567 1 0.03611301499999997
568 1 0.03496279499999999
569 1 0.03430253499999991
570 1 0.03265392499999997
571 1 0.03130063500000002
572 1 0.030503125000000075
573 1 0.028068254999999986
574 1 0.027920774999999898
575 1 0.02592143499999988
576 1 0.025158484999999953
577 1 0.02368572499999999
578 1 0.022254545000000014
579 1 0.021685065000000003
580 1 0.02027643499999998
581 1 0.018195374999999903
582 1 0.017698124999999898
583 1 0.01658887500000006
584 1 0.015572165000000027
585 1 0.015755374999999905
586 1 0.01378806499999996
587 1 0.01333805499999996
588 1 0.012994755000000024
589 1 0.01089812499999998
590 1 0.009808634999999954
591 1 0.010466534999999944
592 1 0.009305235000000023
593 1 0.009147534999999873
594 1 0.008267314999999886
595 1 0.007767485000000018
596 1 0.007706835000000023
597 1 0.007284255000000073
598 1 0.00649399500000003
599 1 0.005248244999999985
600 1 0.0061327449999999395
601 1 0.005341335000000003
602 1 0.0051958549999999715
603 1 0.005446515000000041
604 1 0.0057787650000000745
605 1 0.004740874999999978
606 1 0.0037079449999999348
607 1 0.003887025000000044
608 1 0.003597634999999988
609 1 0.003592674999999934
610 1 0.0031076249999999472
611 1 0.0039018650000000044
612 1 0.0021680950000000365
613 1 0.0031801750000000073
614 1 0.0023777849999999656
615 1 0.0020927649999999964
616 1 0.0021363149999999997
617 1 0.0021397249999999257
618 1 0.0019942749999999343
619 1 0.0017222850000000456
620 1 0.001276995000000003
621 1 0.0021006349999999063
622 1 0.0014023249999999265
623 1 0.0016175350000000588
624 1 0.002548124999999901
625 1 0.0014604249999998764
626 1 0.0011324649999999714
627 1 0.0010266249999999477
628 1 9.691549999999438E-4
629 1 0.0013537749999998905
630 1 6.802049999998783E-4
631 1 8.382749999999994E-4
632 1 0.0015646350000000364
633 1 7.050749999999439E-4
634 1 0.0014408550000000186
635 1 0.0013769450000000738
636 1 9.139149999999319E-4
637 1 0.0019103750000000197
638 1 7.326249999999312E-4
639 1 2.604649999999875E-4
640 1 -6.260020000000699E-4
641 1 2.2788499999992773E-4
642 1 -3.262590000000509E-4
643 1 9.180950000000632E-4
644 1 1.6087499999994925E-4
645 1 9.53835000000014E-4
646 1 -7.356500000010868E-5
647 1 0.0011623649999998875
648 1 -7.656500000008393E-5
649 1 8.479450000000721E-4
650 1 6.793449999999979E-4
651 1 8.578949999999974E-4
652 1 3.5785500000007353E-4
653 1 -2.309990000000095E-4
654 1 4.2461500000001706E-4
655 1 4.230450000000108E-4
656 1 6.885249999999399E-4
657 1 0.001427854999999978
658 1 -3.636810000000601E-4
659 1 1.5719499999988784E-4
660 1 7.314999999952221E-6
661 1 -7.26262000000033E-4
662 1 6.324999999973713E-6
663 1 5.461250000000639E-4
664 1 1.756550000000523E-4
665 1 -7.330360000000757E-4
666 1 -8.959120000000542E-4
667 1 -4.6283000000002517E-4
668 1 -2.810120000000804E-4
669 1 -2.7013300000000573E-4
670 1 1.2128499999985998E-4
671 1 -6.89647000000071E-4
672 1 1.742249999998613E-4
673 1 3.020350000000338E-4