0 1.456e-02 
1 1.043e-02 
2 3.990e-03 
3 -3.895e-03 
4 -3.834e-03 
5 2.760e-04 
6 -2.980e-04 
7 -1.564e-03 
8 -2.075e-03 
9 -3.649e-03 
10 -6.040e-03 
11 -6.387e-03 
12 -5.335e-03 
13 -4.142e-03 
14 -2.167e-03 
15 -1.803e-03 
16 -1.162e-03 
17 -1.766e-03 
18 -2.877e-03 
19 1.807e-04 
20 9.913e-04 
21 -1.090e-03 
22 -1.421e-03 
23 1.269e-03 
24 -7.509e-04 
25 -1.687e-03 
26 1.453e-03 
27 1.856e-03 
28 5.047e-04 
29 9.106e-04 
30 3.481e-04 
31 -1.781e-03 
32 -2.093e-03 
33 -1.622e-04 
34 -1.347e-03 
35 -7.994e-04 
36 3.082e-03 
37 2.383e-03 
38 1.220e-03 
39 6.089e-03 
40 9.908e-03 
41 6.348e-03 
42 8.174e-03 
43 1.153e-02 
44 1.197e-02 
45 9.823e-03 
46 9.950e-03 
47 1.155e-02 
48 8.270e-03 
49 6.812e-03 
50 1.050e-02 
51 1.292e-02 
52 1.162e-02 
53 1.303e-02 
54 1.420e-02 
55 8.216e-03 
56 4.006e-03 
57 5.592e-03 
58 5.255e-03 
59 1.089e-03 
60 2.601e-03 
61 4.479e-03 
62 2.245e-03 
63 2.479e-03 
64 1.622e-05 
65 -3.677e-03 
66 -4.382e-03 
67 -5.340e-03 
68 -8.037e-03 
69 -6.671e-03 
70 -5.858e-03 
71 -6.767e-03 
72 -6.750e-03 
73 -6.932e-03 
74 -6.801e-03 
75 -6.974e-03 
76 -7.423e-03 
77 -6.521e-03 
78 -6.450e-03 
79 -7.960e-03 
80 -5.557e-03 
81 -6.313e-03 
82 -9.143e-03 
83 -4.496e-03 
84 -2.970e-03 
85 -7.299e-03 
86 -4.456e-03 
87 -2.724e-04 
88 -5.897e-03 
89 -6.390e-03 
90 -3.677e-03 
91 -7.275e-03 
92 -9.944e-03 
93 -7.271e-03 
94 -4.496e-03 
95 -2.277e-03 
96 5.218e-04 
97 9.513e-04 
98 -2.408e-03 
99 -4.725e-03 
100 -4.800e-03 
101 -4.682e-03 
102 -2.834e-03 
103 -1.980e-03 
104 -1.943e-03 
105 7.527e-05 
106 4.043e-04 
107 -1.980e-03 
108 3.909e-04 
109 -2.685e-04 
110 -3.109e-03 
111 -2.823e-03 
112 -4.245e-03 
113 -4.179e-03 
114 -7.585e-04 
115 6.764e-04 
116 8.581e-04 
117 9.082e-04 
118 1.660e-03 
119 1.205e-04 
120 -2.386e-03 
121 -2.565e-03 
122 1.455e-03 
123 2.365e-03 
124 1.918e-03 
125 1.951e-03 
126 -2.842e-04 
127 -4.232e-03 
128 -5.786e-03 
129 -3.747e-03 
130 -4.196e-03 
131 -1.860e-03 
132 2.277e-03 
133 1.254e-03 
134 -8.412e-04 
135 1.849e-03 
136 8.777e-04 
137 -1.579e-03 
138 -5.331e-04 
139 8.119e-05 
140 2.388e-04 
141 2.094e-03 
142 1.051e-03 
143 7.520e-04 
144 9.161e-04 
145 -9.213e-04 
146 -6.326e-04 
147 3.867e-04 
148 -7.781e-04 
149 -1.119e-03 
150 -1.532e-04 
151 -2.128e-03 
152 -7.346e-04 
153 9.467e-04 
154 -6.798e-04 
155 -2.975e-03 
156 -1.655e-03 
157 -4.944e-04 
158 6.449e-04 
159 3.306e-03 
160 3.960e-03 
161 2.318e-03 
162 2.445e-04 
163 -3.141e-03 
164 -5.979e-03 
165 -3.187e-03 
166 2.899e-05 
167 1.114e-04 
168 3.097e-03 
169 4.663e-03 
170 1.647e-03 
171 -1.653e-04 
172 1.249e-03 
173 -1.244e-03 
174 -3.114e-03 
175 1.187e-03 
176 1.600e-03 
177 2.304e-04 
178 1.295e-03 
179 4.754e-03 
180 -1.078e-03 
181 -5.377e-03 
182 -3.197e-03 
183 -4.109e-03 
184 -6.635e-03 
185 -3.523e-03 
186 2.802e-03 
187 2.020e-03 
188 1.366e-03 
189 8.881e-04 
190 -7.074e-05 
191 -1.655e-03 
192 -2.070e-03 
193 8.093e-04 
194 1.832e-03 
195 6.592e-04 
196 1.149e-04 
197 1.909e-04 
198 -1.749e-03 
199 -6.179e-04 
200 2.631e-03 
201 2.419e-03 
202 1.286e-03 
203 3.855e-03 
204 1.518e-03 
205 -2.938e-03 
206 -1.468e-03 
207 4.844e-04 
208 -5.763e-04 
209 1.520e-04 
210 9.175e-04 
211 -9.985e-04 
212 2.286e-04 
213 -1.239e-03 
214 -4.060e-03 
215 -1.396e-03 
216 1.197e-03 
217 -1.027e-03 
218 -1.809e-03 
219 8.353e-04 
220 7.454e-04 
221 -1.687e-03 
222 -2.230e-03 
223 -8.525e-04 
224 -8.230e-04 
225 -9.330e-04 
226 -9.973e-04 
227 3.640e-04 
228 1.756e-03 
229 1.141e-03 
230 2.601e-03 
231 3.142e-03 
232 3.824e-03 
233 5.841e-03 
234 6.145e-03 
235 2.358e-03 
236 2.135e-03 
237 1.371e-03 
238 -2.323e-03 
239 -2.687e-03 
240 -3.085e-03 
241 -1.148e-03 
242 -1.631e-03 
243 -2.495e-03 
244 -8.589e-04 
245 1.554e-03 
246 -5.633e-04 
247 -1.016e-03 
248 9.881e-04 
249 1.481e-03 
250 2.027e-03 
251 -5.953e-04 
252 -1.426e-03 
253 -1.310e-04 
254 2.136e-04 
255 -1.812e-04 
256 2.557e-04 
257 1.265e-03 
258 -9.403e-05 
259 -2.760e-03 
260 -2.754e-03 
261 5.162e-04 
262 9.741e-04 
263 -3.147e-04 
264 1.557e-03 
265 2.541e-03 
266 1.498e-03 
267 -1.794e-03 
268 -1.917e-03 
269 8.177e-04 
270 1.955e-03 
271 2.936e-03 
272 5.067e-03 
273 6.213e-03 
274 4.378e-03 
275 1.643e-03 
276 -6.283e-05 
277 -1.416e-03 
278 -1.587e-03 
279 -1.487e-03 
280 1.914e-04 
281 2.749e-03 
282 2.339e-03 
283 1.057e-03 
284 3.809e-03 
285 5.434e-03 
286 1.789e-03 
287 3.722e-03 
288 6.308e-03 
289 1.567e-03 
290 -4.395e-03 
291 -2.789e-03 
292 -5.523e-04 
293 -9.631e-05 
294 1.237e-03 
295 4.808e-03 
296 4.696e-03 
297 2.056e-03 
298 3.352e-03 
299 1.125e-03 
300 -8.950e-04 
301 2.283e-03 
302 1.678e-03 
303 -1.982e-03 
304 2.529e-03 
305 3.073e-03 
306 -6.135e-04 
307 1.008e-03 
308 2.667e-03 
309 -2.784e-04 
310 -2.074e-03 
311 -6.209e-04 
312 -2.542e-04 
313 -1.251e-03 
314 4.055e-05 
315 2.927e-03 
316 3.069e-03 
317 1.904e-03 
318 8.947e-04 
319 1.366e-03 
320 3.842e-03 
321 1.629e-03 
322 -2.270e-03 
323 -9.923e-05 
324 8.624e-04 
325 -3.956e-03 
326 -4.020e-03 
327 1.789e-03 
328 1.451e-03 
329 -6.352e-04 
330 2.904e-03 
331 2.640e-03 
332 -2.328e-04 
333 -6.855e-04 
334 -3.303e-03 
335 -4.848e-03 
336 -2.884e-03 
337 -3.585e-03 
338 -3.654e-03 
339 6.858e-04 
340 2.398e-03 
341 2.611e-03 
342 3.511e-03 
343 1.005e-03 
344 9.870e-04 
345 3.724e-03 
346 -2.568e-04 
347 -4.016e-03 
348 3.746e-04 
349 3.112e-03 
350 -2.763e-03 
351 -1.025e-03 
352 4.242e-03 
353 2.136e-03 
354 -1.557e-03 
355 5.994e-04 
356 3.079e-03 
357 2.704e-03 
358 5.060e-03 
359 4.491e-03 
360 5.196e-03 
361 6.558e-03 
362 7.859e-03 
363 7.053e-03 
364 6.921e-03 
365 1.288e-02 
366 2.294e-02 
367 3.060e-02 
368 3.778e-02 
369 5.087e-02 
370 6.099e-02 
371 6.645e-02 
372 7.040e-02 
373 7.434e-02 
374 7.444e-02 
375 6.764e-02 
376 6.188e-02 
377 5.433e-02 
378 4.384e-02 
379 3.516e-02 
380 2.150e-02 
381 4.679e-03 
382 -5.732e-03 
383 -1.355e-02 
384 -2.381e-02 
385 -3.149e-02 
386 -3.732e-02 
387 -4.176e-02 
388 -4.828e-02 
389 -5.167e-02 
390 -4.714e-02 
391 -4.301e-02 
392 -3.987e-02 
393 -3.153e-02 
394 -2.572e-02 
395 -2.228e-02 
396 -1.289e-02 
397 -1.253e-03 
398 1.180e-02 
399 3.296e-02 
400 6.788e-02 
401 1.120e-01 
402 1.714e-01 
403 2.555e-01 
404 3.657e-01 
405 5.123e-01 
406 7.134e-01 
407 9.889e-01 
408 1.357e+00 
409 1.835e+00 
410 2.429e+00 
411 3.145e+00 
412 3.970e+00 
413 4.870e+00 
414 5.796e+00 
415 6.684e+00 
416 7.450e+00 
417 8.004e+00 
418 8.256e+00 
419 8.124e+00 
420 7.560e+00 
421 6.560e+00 
422 5.177e+00 
423 3.527e+00 
424 1.769e+00 
425 7.068e-02 
426 -1.428e+00 
427 -2.642e+00 
428 -3.543e+00 
429 -4.149e+00 
430 -4.522e+00 
431 -4.723e+00 
432 -4.805e+00 
433 -4.819e+00 
434 -4.781e+00 
435 -4.697e+00 
436 -4.572e+00 
437 -4.396e+00 
438 -4.168e+00 
439 -3.895e+00 
440 -3.591e+00 
441 -3.272e+00 
442 -2.948e+00 
443 -2.634e+00 
444 -2.338e+00 
445 -2.061e+00 
446 -1.810e+00 
447 -1.592e+00 
448 -1.401e+00 
449 -1.234e+00 
450 -1.090e+00 
451 -9.651e-01 
452 -8.555e-01 
453 -7.590e-01 
454 -6.771e-01 
455 -6.080e-01 
456 -5.443e-01 
457 -4.834e-01 
458 -4.294e-01 
459 -3.838e-01 
460 -3.425e-01 
461 -3.049e-01 
462 -2.726e-01 
463 -2.461e-01 
464 -2.172e-01 
465 -1.905e-01 
466 -1.696e-01 
467 -1.542e-01 
468 -1.396e-01 
469 -1.249e-01 
470 -1.111e-01 
471 -9.868e-02 
472 -8.686e-02 
473 -7.303e-02 
474 -6.274e-02 
475 -5.825e-02 
476 -5.363e-02 
477 -4.946e-02 
478 -4.737e-02 
479 -4.401e-02 
480 -3.942e-02 
481 -3.548e-02 
482 -2.918e-02 
483 -2.577e-02 
484 -2.552e-02 
485 -2.289e-02 
486 -2.225e-02 
487 -2.325e-02 
488 -2.210e-02 
489 -1.964e-02 
490 -1.749e-02 
491 -1.729e-02 
492 -1.584e-02 
493 -1.385e-02 
494 -1.411e-02 
495 -1.444e-02 
496 -1.155e-02 
497 -1.005e-02 
498 -1.049e-02 
499 -8.808e-03 
500 -6.242e-03 
501 -5.064e-03 
502 -5.455e-03 
503 -3.594e-03 
504 -3.598e-03 
505 -5.645e-03 
506 -6.937e-03 
507 -7.343e-03 
508 -9.017e-03 
509 -1.039e-02 
510 -1.020e-02 
511 -8.734e-03 
512 -6.139e-03 
513 -2.242e-03 
514 6.173e-04 
515 -7.630e-04 
516 -9.126e-04 
517 -1.429e-03 
518 -4.781e-03 
519 -7.937e-03 
520 -5.789e-03 
521 -5.066e-03 
522 -5.478e-03 
523 -2.547e-03 
524 -6.432e-04 
525 1.552e-04 
526 1.716e-04 
527 1.884e-03 
528 1.547e-03 
529 -4.690e-04 
530 -4.483e-04 
531 -1.365e-03 
532 -4.929e-03 
533 -5.872e-03 
534 -3.228e-03 
535 -2.396e-03 
536 -1.024e-03 
537 1.615e-03 
538 1.247e-03 
539 -1.872e-04 
540 -1.254e-03 
541 -3.590e-03 
542 -3.388e-03 
543 -4.676e-03 
544 -4.664e-03 
545 -2.737e-03 
546 -8.587e-04 
547 2.908e-04 
548 1.088e-03 
549 1.447e-03 
550 -1.573e-03 
551 -3.269e-03 
552 -7.385e-03 
553 -2.537e-03 
554 7.424e-04 
555 -1.970e-03 
556 1.493e-03 
557 3.910e-03 
558 -2.542e-03 
559 -4.208e-03 
560 2.143e-03 
561 -3.225e-03 
562 -7.420e-03 
563 -2.023e-03 
564 -1.712e-04 
565 -2.557e-03 
566 9.083e-04 
567 2.484e-03 
568 -8.064e-04 
569 -2.478e-03 
570 -2.413e-03 
571 -2.513e-03 
572 -4.165e-04 
573 2.135e-03 
574 4.085e-03 
575 5.310e-03 
576 2.389e-03 
577 -1.191e-03 
578 -4.216e-03 
579 -2.506e-03 
580 -3.241e-03 
581 -3.579e-03 
582 2.223e-03 
583 6.642e-03 
584 1.975e-03 
585 -1.888e-03 
586 2.900e-03 
587 3.139e-03 
588 -2.257e-03 
589 -1.048e-03 
590 2.061e-03 
591 -7.870e-04 
592 -8.437e-04 
593 2.872e-03 
594 -1.694e-05 
595 -1.276e-03 
596 -2.342e-04 
597 -1.562e-03 
598 5.650e-04 
599 6.360e-04 
600 -4.594e-04 
601 2.550e-03 
602 2.504e-03 
603 1.878e-05 
604 3.959e-03 
605 4.733e-03 
606 1.325e-03 
607 1.254e-03 
608 -6.748e-04 
609 -3.917e-03 
610 -8.888e-04 
611 7.442e-04 
612 3.570e-04 
613 4.283e-03 
614 6.406e-03 
615 4.531e-03 
616 3.646e-03 
617 2.270e-03 
618 -8.252e-05 
619 1.119e-03 
620 9.591e-04 
621 1.187e-03 
622 3.935e-03 
623 3.637e-03 
624 3.023e-03 
625 2.333e-03 
626 9.955e-05 
627 -1.141e-04 
628 5.152e-04 
629 -1.827e-03 
630 -7.427e-04 
631 1.666e-03 
632 3.239e-03 
633 4.117e-03 
634 4.020e-03 
635 2.838e-03 
636 2.699e-04 
637 -1.850e-03 
638 -3.605e-03 
639 -2.741e-03 
640 -1.630e-03 
641 -8.777e-04 
642 -8.028e-04 
643 3.576e-04 
644 4.379e-05 
645 -1.788e-03 
646 -2.153e-03 
647 -5.873e-03 
648 -1.010e-02 
649 -8.516e-03 
650 -6.972e-03 
651 -1.001e-02 
652 -9.867e-03 
653 -9.431e-03 
654 -1.355e-02 
655 -1.689e-02 
656 -1.310e-02 
657 -1.140e-02 
658 -1.411e-02 
659 -1.460e-02 
660 -1.472e-02 
661 -1.385e-02 
662 -1.247e-02 
663 -7.288e-03 
664 2.123e-03 
665 8.606e-03 
666 9.889e-03 
667 1.263e-02 
668 1.804e-02 
669 1.777e-02 
670 1.361e-02 
671 1.262e-02 
672 1.505e-02 
673 1.287e-02 
674 9.480e-03 
675 1.314e-02 
676 1.448e-02 
677 1.054e-02 
678 1.019e-02 
679 8.415e-03 
680 4.776e-03 
681 4.950e-03 
682 5.244e-03 
683 3.894e-03 
684 5.084e-03 
685 7.622e-03 
686 4.873e-03 
687 1.337e-03 
688 4.935e-04 
689 -6.409e-04 
690 -4.676e-03 
691 -8.771e-03 
692 -1.163e-02 
693 -1.486e-02 
694 -1.938e-02 
695 -2.347e-02 
696 -2.708e-02 
697 -3.458e-02 
698 -3.965e-02 
699 -4.009e-02 
700 -4.222e-02 
701 -3.871e-02 
702 -2.882e-02 
703 -2.310e-02 
704 -1.810e-02 
705 -6.109e-03 
706 6.716e-03 
707 2.277e-02 
708 3.820e-02 
709 4.871e-02 
710 6.006e-02 
711 7.055e-02 
712 7.410e-02 
713 7.552e-02 
714 7.935e-02 
715 7.989e-02 
716 7.531e-02 
717 6.834e-02 
718 5.899e-02 
719 4.844e-02 
720 3.853e-02 
721 2.865e-02 
722 1.983e-02 
723 1.609e-02 
724 1.280e-02 
725 5.528e-03 
726 -2.727e-03 
727 -7.489e-03 
728 -1.055e-02 
729 -1.483e-02 
730 -1.946e-02 
731 -2.019e-02 
732 -2.061e-02 
733 -2.437e-02 
734 -2.416e-02 
735 -1.975e-02 
736 -1.834e-02 
737 -1.813e-02 
738 -1.648e-02 
739 -1.348e-02 
740 -1.294e-02 
741 -1.688e-02 
742 -1.620e-02 
743 -1.228e-02 
744 -1.608e-02 
745 -1.703e-02 
746 -9.827e-03 
747 -8.379e-03 
748 -1.159e-02 
749 -1.240e-02 
750 -1.192e-02 
751 -1.265e-02 
752 -1.111e-02 
753 -8.967e-03 
754 -7.949e-03 
755 -5.877e-03 
756 -5.344e-03 
757 -7.631e-03 
758 -6.282e-03 
759 -3.161e-03 
760 -3.993e-03 
761 -1.063e-03 
762 2.345e-03 
763 -1.218e-04 
764 -2.196e-03 
765 -3.355e-03 
766 -5.400e-03 
767 -3.781e-03 
768 2.071e-05 
769 3.367e-03 
770 6.442e-03 
771 5.604e-03 
772 4.800e-04 
773 -3.878e-03 
774 -4.014e-03 
775 -6.744e-03 
776 -6.261e-03 
777 -1.786e-03 
778 -5.236e-04 
779 9.940e-04 
780 2.445e-03 
781 7.051e-04 
782 5.232e-04 
783 7.762e-04 
784 -1.568e-05 
785 1.945e-03 
786 1.095e-03 
787 -3.750e-03 
788 -7.536e-04 
789 1.118e-03 
790 -1.518e-03 
791 -2.074e-04 
792 1.226e-03 
793 -2.003e-03 
794 -3.521e-03 
795 -3.034e-03 
796 -4.988e-03 
797 -3.369e-03 
798 -8.788e-04 
799 -3.153e-03 
800 -2.576e-03 
801 2.112e-04 
802 -2.393e-03 
803 -2.604e-03 
804 -1.771e-03 
805 -4.159e-03 
806 -6.090e-04 
807 2.165e-03 
808 -2.093e-03 
809 -1.070e-03 
810 1.570e-03 
811 -3.391e-03 
812 -5.324e-03 
813 -2.875e-03 
814 -3.542e-03 
815 -3.672e-03 
816 -4.006e-03 
817 -5.594e-03 
818 -5.534e-03 
819 -5.274e-03 
820 -4.646e-03 
821 -2.269e-03 
822 -3.027e-04 
823 -3.762e-03 
824 -3.966e-03 
825 -2.362e-03 
826 -2.770e-03 
827 -1.526e-03 
828 1.915e-03 
829 1.964e-03 
830 -2.714e-03 
831 -3.455e-03 
832 -2.555e-03 
833 -3.218e-03 
834 -6.454e-03 
835 -4.270e-03 
836 -2.539e-03 
837 -3.156e-03 
838 -1.408e-03 
839 1.008e-03 
840 2.421e-03 
841 2.043e-03 
842 5.291e-04 
843 -1.267e-03 
844 -2.438e-03 
845 -3.200e-03 
846 -4.365e-04 
847 4.712e-04 
848 -1.035e-03 
849 -6.077e-04 
850 2.529e-03 
851 1.522e-03 
852 -4.140e-04 
853 2.581e-04 
854 -7.510e-04 
855 -3.586e-03 
856 -7.229e-03 
857 -4.774e-03 
858 1.254e-03 
859 4.124e-03 
860 4.048e-03 
861 5.492e-03 
862 2.469e-03 
863 -2.350e-03 
864 -2.869e-03 
865 -3.273e-03 
866 -3.531e-03 
867 -1.801e-03 
868 -6.730e-05 
869 1.590e-04 
870 -2.139e-03 
871 -1.296e-03 
872 3.182e-03 
873 1.364e-03 
874 4.036e-04 
875 1.709e-03 
876 -2.584e-04 
877 -4.690e-03 
878 -3.967e-03 
879 -1.885e-03 
880 -2.239e-03 
881 -3.498e-03 
882 -1.942e-03 
883 1.066e-05 
884 -4.823e-03 
885 -3.639e-03 
886 8.141e-04 
887 2.058e-03 
888 1.735e-03 
889 2.564e-03 
890 1.347e-03 
891 1.645e-03 
892 -1.012e-03 
893 -7.079e-03 
